t	x	y
0.	1	-0.0015300421949362368
0.125	0	0.01747640433630593
0.25	0	0.03276328181345412
0.375	0	0.046018338838127615
0.5	0	0.05765610442079145
0.625	0	0.07188609238123814
0.75	0	0.08164017950156627
0.875	0	0.09255823812677273
1.	0	0.09987786531303744
1.125	0	0.10564825136086226
1.25	0	0.11043732206215491
1.375	0	0.11672346093352287
1.5	0	0.11487998914347246
1.625	0	0.11691437788215558
1.75	0	0.11326983544694229
1.875	0	0.10945720885949504
2.	0	0.10352649406955448
2.125	0	0.0954902634990449
2.25	0	0.08660894925772553
2.375	0	0.07678338839617406
2.5	0	0.06446630538647753
2.625	0	0.05266572092446476
2.75	0	0.040753748441860686
2.875	0	0.029434875917994888
3.	0	0.014679027215895405
3.125	0	0.0021419298223041595
3.25	0	-0.010676949686719086
3.375	0	-0.02392315683644728
3.5	0	-0.03884502570583672
3.625	0	-0.0493387530463934
3.75	0	-0.06078386576183605
3.875	0	-0.06956912237892468
4.	0	-0.07848319720449984
4.125	0	-0.08704260159511944
4.25	0	-0.0914795650347658
4.375	0	-0.09675581252404415
4.5	0	-0.09705571109715248
4.625	0	-0.10085367951269172
4.75	0	-0.09711822209041608
4.875	0	-0.09865152107005887
5.	0	-0.09236737755615321
5.125	0	-0.08722323346149949
5.25	0	-0.0822934292007904
5.375	0	-0.07631204372357071
5.5	0	-0.06652047180722617
5.625	0	-0.0555314304985855
5.75	0	-0.047217095888227284
5.875	0	-0.03568766446190267
6.	0	-0.023159966617946
6.125	0	-0.013878559140606745
6.25	0	-0.0027183907331863088
6.375	0	0.008001814732384928
6.5	0	0.02094368949140032
6.625	0	0.03266050648480168
6.75	0	0.042605386817012765
6.875	0	0.05125356388629627
7.	0	0.0590652299887841
7.125	0	0.06828601530451107
7.25	0	0.07431413124254846
7.375	0	0.07871024635669895
7.5	0	0.08110572918040826
7.625	0	0.08501883097725854
7.75	0	0.08342385359624499
7.875	0	0.0848474946254973
8.	0	0.08468555455102532
8.125	0	0.08051837275693638
8.25	0	0.07578793003393118
8.375	0	0.06927165317027618
8.5	0	0.06447865528430137
8.625	0	0.057634596265743396
8.75	0	0.04890412357327025
8.875	0	0.03953293473808239
9.	0	0.031329269476524826
9.125	0	0.02337012506702009
9.25	0	0.010684136248847901
9.375	0	0.0018517457520760407
9.5	0	-0.0070727265261126574
9.625	0	-0.015351795438358714
9.75	0	-0.027449714696959143
9.875	0	-0.03612681232068179
10.	0	-0.04470431781095177
10.125	0	-0.04923629697808782
10.25	0	-0.05846071495345407
10.375	0	-0.0617228661240776
10.5	0	-0.06455439048132805
10.625	0	-0.06806033716337834
10.75	0	-0.0695776549792264
10.875	0	-0.0729143982817777
11.	0	-0.07100711430631944
11.125	0	-0.07095976728263167
11.25	0	-0.06931917292297118
11.375	0	-0.06404117542604645
11.5	0	-0.060770442343384974
11.625	0	-0.05540568535459748
11.75	0	-0.04848611883955607
11.875	0	-0.04185204431592849
12.	0	-0.03407345718320537
12.125	0	-0.027526711003916234
12.25	0	-0.017619067390134878
12.375	0	-0.009225840373002643
12.5	0	-0.003570774412782408
12.625	0	0.005544880941261976
12.75	0	0.015920838219271333
12.875	0	0.02124798135754969
13.	0	0.029259093435933938
13.125	0	0.036913130662427046
13.25	0	0.04282378449796989
13.375	0	0.04887034634302766
13.5	0	0.051334982904538314
13.625	0	0.05552275418686187
13.75	0	0.05856742265078399
13.875	0	0.05992430440775237
14.	0	0.06374657185822903
14.125	0	0.06365569244800261
14.25	0	0.05967821010907029
14.375	0	0.060117784993347405
14.5	0	0.05459617759956229
14.625	0	0.05325885229189931
14.75	0	0.049084834426291316
14.875	0	0.04311556251639744
15.	0	0.0348881465155392
15.125	0	0.0287119217686737
15.25	0	0.02299531041135074
15.375	0	0.01772522843527163
15.5	0	0.007699831331011866
15.625	0	0.003913946644275992
15.75	0	-0.005759166797734003
15.875	0	-0.00982501953487082
16.	0	-0.020241671268320997
16.125	0	-0.02342102929007743
16.25	0	-0.030577317398268
16.375	0	-0.036087483314391704
16.5	0	-0.04109966235846996
16.625	0	-0.044892370226710485
16.75	0	-0.049500005096166
16.875	0	-0.05091414351589408
17.	0	-0.052701784094016026
17.125	0	-0.052490523844045976
17.25	0	-0.052425455364865245
17.375	0	-0.05161161593212871
17.5	0	-0.04949565483259411
17.625	0	-0.04617746717580878
17.75	0	-0.04349094509510838
17.875	0	-0.04180805165271339
18.	0	-0.037284833250244495
18.125	0	-0.03163139744022301
18.25	0	-0.026884033908534048
18.375	0	-0.019160920575026465
18.5	0	-0.01609459587926244
18.625	0	-0.0104428944154627
18.75	0	-0.0027103953446169417
18.875	0	0.0040309092767814615
19.	0	0.010845162377419337
19.125	0	0.01381398154296068
19.25	0	0.02057708641396617
19.375	0	0.02707148875318719
19.5	0	0.029521028173209445
19.625	0	0.03450287513772162
19.75	0	0.03650570561259953
19.875	0	0.041619167310252426
20.	0	0.042321873570841655
20.125	0	0.045459084007969906
20.25	0	0.04410456381553092
20.375	0	0.04685555608534426
20.5	0	0.04370078999367183
20.625	0	0.04197116985917281
20.75	0	0.03971628313752438
20.875	0	0.03929149097503968
21.	0	0.03501078068367022
21.125	0	0.030300537891197046
21.25	0	0.02779089485729166
21.375	0	0.024711434939095188
21.5	0	0.0173805018752242
21.625	0	0.013736276224068067
21.75	0	0.0062711953058809545
21.875	0	0.0009072942456239451
22.	0	-0.004354158897321167
22.125	0	-0.00615085233684291
22.25	0	-0.012542601760719026
22.375	0	-0.01722696931851224
22.5	0	-0.023041010608948607
22.625	0	-0.023814805644573864
22.75	0	-0.02814595129400939
22.875	0	-0.030637150139337457
23.	0	-0.032802868934363946
23.125	0	-0.03583654609464333
23.25	0	-0.038601558488784604
23.375	0	-0.038577504282722344
23.5	0	-0.04048112416927398
23.625	0	-0.03623395523684601
23.75	0	-0.0367495868837725
23.875	0	-0.033645317183468824
24.	0	-0.031421265487399645
24.125	0	-0.030404993015272608
24.25	0	-0.026841712415743894
24.375	0	-0.02195907185992863
24.5	0	-0.02005447165760164
24.625	0	-0.014563705924378563
24.75	0	-0.012674844930889538
24.875	0	-0.005472449818071209
25.	0	-0.0025218479415186814
25.125	0	0.0010771534649915183
25.25	0	0.0056540234120723565
25.375	0	0.010285678805804345
25.5	0	0.01421529349359216
25.625	0	0.019801592188147074
25.75	0	0.022146594262199715
25.875	0	0.02567724913730771
26.	0	0.029114589296824284
26.125	0	0.031021140433667847
26.25	0	0.029333484660989197
26.375	0	0.032835964215424104
26.5	0	0.03261327585407931
26.625	0	0.03154557556668866
26.75	0	0.03448840513687759
26.875	0	0.02963529984958868
27.	0	0.030941997268573884
27.125	0	0.029557598821133506
27.25	0	0.026447559515477243
27.375	0	0.023368334088864646
27.5	0	0.020600757525387765
27.625	0	0.01767890540949443
27.75	0	0.01533777338696292
27.875	0	0.009638108917927782
28.	0	0.00697902054342446
28.125	0	0.003410856567198579
28.25	0	0.00014475168949912385
28.375	0	-0.0036127087780456406
28.5	0	-0.0095202590302173
28.625	0	-0.013305324387245
28.75	0	-0.0149274854344062
28.875	0	-0.0173941859970335
29.	0	-0.019432617358681875
29.125	0	-0.021221749925613067
29.25	0	-0.02489811027117574
29.375	0	-0.025042521505568755
29.5	0	-0.026576350538020807
29.625	0	-0.02664357744440297
29.75	0	-0.0272008227075585
29.875	0	-0.028415854071805025
30.	0	-0.02510436266703804
30.125	0	-0.02523908315236298
30.25	0	-0.025817160467482368
30.375	0	-0.023970798671593612
30.5	0	-0.021095884049891996
30.625	0	-0.01820887726982129
30.75	0	-0.015596263092793479
30.875	0	-0.010960156039169484
31.	0	-0.010689868564344339
31.125	0	-0.006638639335185813
31.25	0	-0.002013999234595583
31.375	0	0.0018897321855607186
31.5	0	0.004685511738205005
31.625	0	0.006895245748819822
31.75	0	0.008825526008116018
31.875	0	0.011077630475320543
32.	0	0.015243663881764206
32.125	0	0.017091652288735666
32.25	0	0.0208740430925698
32.375	0	0.020123656157407254
32.5	0	0.021897060014355103
32.625	0	0.02448184210914922
32.75	0	0.023149473795683516
32.875	0	0.025506808145874717
33.	0	0.024090822428134078
33.125	0	0.024069415912546993
33.25	0	0.0235149889864972
33.375	0	0.019776812549730648
33.5	0	0.019993513587246468
33.625	0	0.01654790898396549
33.75	0	0.014203406323812584
33.875	0	0.013276287636987478
34.	0	0.0120991226056239
34.125	0	0.007822254382932783
34.25	0	0.003518966906966552
34.375	0	0.001607453445085386
34.5	0	0.0012778775365582396
34.625	0	-0.003459968856517463
34.75	0	-0.00717206532122133
34.875	0	-0.00855473323210003
35.	0	-0.012746883746059388
35.125	0	-0.013450469156294841
35.25	0	-0.016936817029595628
35.375	0	-0.017397028745079195
35.5	0	-0.01795376027470242
35.625	0	-0.019380944104709533
35.75	0	-0.020809183366851995
35.875	0	-0.019031562397136624
36.	0	-0.020946431217144023
36.125	0	-0.018692876749521747
36.25	0	-0.02072972925201179
36.375	0	-0.02056303978994455
36.5	0	-0.01644820192780605
36.625	0	-0.015371401113337894
36.75	0	-0.013940882116222603
36.875	0	-0.012847409289256534
37.	0	-0.01263091543139087
37.125	0	-0.008180878644911321
37.25	0	-0.0070433589526097155
37.375	0	-0.005717301157164804
37.5	0	-0.00024122103940217294
37.625	0	-0.0010726910961894572
37.75	0	0.0016827979643687287
37.875	0	0.0032375590482611764
38.	0	0.006836777723671013
38.125	0	0.010506706260451429
38.25	0	0.012660221422229903
38.375	0	0.012322553700704963
38.5	0	0.015549973156835121
38.625	0	0.015818802353662714
38.75	0	0.017646893874825854
38.875	0	0.017433869546269
39.	0	0.017742105414655186
39.125	0	0.01770009160903308
39.25	0	0.015953477653621394
39.375	0	0.015307252164877345
39.5	0	0.014554459701463714
39.625	0	0.014189742843532813
39.75	0	0.015102101944364624
39.875	0	0.012027704674990801
40.	0	0.011074068273661987
40.125	0	0.01139134558002838
40.25	0	0.007476436855755018
40.375	0	0.004506086453427592
40.5	0	0.004080447098099472
40.625	0	0.0025715748978683895
40.75	0	-0.00029243895312398995
40.875	0	-0.0012645766256133184
41.	0	-0.00554280047517786
41.125	0	-0.0048569231197861775
41.25	0	-0.00722609844080374
41.375	0	-0.010369373862135137
41.5	0	-0.012484686123966178
41.625	0	-0.013723970846248218
41.75	0	-0.011238448462456689
41.875	0	-0.015666263718357016
42.	0	-0.015246210402383043
42.125	0	-0.013172721188234275
42.25	0	-0.013530602125633449
42.375	0	-0.012890278707438581
42.5	0	-0.014695036467896773
42.625	0	-0.012929111609748394
42.75	0	-0.01202989792205126
42.875	0	-0.012544183328528484
43.	0	-0.009775433610852095
43.125	0	-0.008807957644010374
43.25	0	-0.007578973669105521
43.375	0	-0.006829179719904674
43.5	0	-0.004899582543567739
43.625	0	-0.0039095670229554146
43.75	0	-0.0026940092597786502
43.875	0	-0.0012941405478113651
44.	0	0.0023945072102804455
44.125	0	0.002371304433664508
44.25	0	0.004846931484154819
44.375	0	0.007748590683962988
44.5	0	0.00729987775135291
44.625	0	0.009115207704892513
44.75	0	0.011185485253539622
44.875	0	0.00961532612223683
45.	0	0.013282920754086224
45.125	0	0.013509441017302658
45.25	0	0.012470171639913905
45.375	0	0.010996366881140321
45.5	0	0.01120409861001697
45.625	0	0.013181874643944711
45.75	0	0.01063883008936158
45.875	0	0.0121036745010872
46.	0	0.009945306913542878
46.125	0	0.009268830593000385
46.25	0	0.009763219496644309
46.375	0	0.006072020591958217
46.5	0	0.0065483314024393285
46.625	0	0.00618942264832777
46.75	0	0.004763377101194779
46.875	0	0.0017929010295102959
47.	0	0.00014178921499426932
47.125	0	-0.003320389859123177
47.25	0	-0.0021994814136814473
47.375	0	-0.003084301406605973
47.5	0	-0.0035417300343114732
47.625	0	-0.0082712372919121
47.75	0	-0.006262042073185337
47.875	0	-0.01009558544234979
48.	0	-0.00818588039248896
48.125	0	-0.00837009969825435
48.25	0	-0.009860998736265784
48.375	0	-0.010005783436826362
48.5	0	-0.01258573481723605
48.625	0	-0.00890526334814888
48.75	0	-0.01137141592959727
48.875	0	-0.01203682365918908
49.	0	-0.010654127930262196
49.125	0	-0.00810702226358201
49.25	0	-0.008318541737989706
49.375	0	-0.008873835010969314
49.5	0	-0.00554342673134083
49.625	0	-0.005541160722641996
49.75	0	-0.0044435193602902585
49.875	0	-0.003161911645695536
50.	0	0.00023463564433102426
50.125	0	-0.00017993577265132773
50.25	0	0.0011033826352845324
50.375	0	0.0016717345403267645
50.5	0	0.00536757509409647
50.625	0	0.00316103222332293
50.75	0	0.005324301599296838
50.875	0	0.006303263516443155
51.	0	0.0076744298555184946
51.125	0	0.006622978173065267
51.25	0	0.008262976376079718
51.375	0	0.007128885561564678
51.5	0	0.008054437081466546
51.625	0	0.011300895680471873
51.75	0	0.00912419799321783
51.875	0	0.008117647276520278
52.	0	0.009581002647410129
52.125	0	0.010200848427383117
52.25	0	0.00840508014016186
52.375	0	0.007279095676057202
52.5	0	0.006395789981910594
52.625	0	0.0038185317705540164
52.75	0	0.005932865325067561
52.875	0	0.004289794636864764
53.	0	0.0007247473002262915
53.125	0	-0.000020163469458186426
53.25	0	-0.0010589304355781753
53.375	0	0.00009283969497514487
53.5	0	-0.0004402110977682926
53.625	0	-0.0020105437140385887
53.75	0	-0.0055345590240187025
53.875	0	-0.0030080396187479896
54.	0	-0.0046436949013944455
54.125	0	-0.005530835149178558
54.25	0	-0.00829501451129662
54.375	0	-0.006557352115779454
54.5	0	-0.007391460636513367
54.625	0	-0.006317956247824076
54.75	0	-0.007771342440881862
54.875	0	-0.006734801983635543
55.	0	-0.0070918428718592524
55.125	0	-0.007079497572491539
55.25	0	-0.007483073555954356
55.375	0	-0.0070444727953661935
55.5	0	-0.008033681825276782
55.625	0	-0.004246789379231022
55.75	0	-0.005033456522630931
55.875	0	-0.004756704256993333
56.	0	-0.0020940268421806144
56.125	0	-0.0005056091899214026
56.25	0	-0.0014225018106619814
56.375	0	0.001308922252124769
56.5	0	0.0005864158772084927
56.625	0	-0.00014066358964288667
56.75	0	0.0014418186626026723
56.875	0	0.0031135600852640185
57.	0	0.004181955836388196
57.125	0	0.006301616609498465
57.25	0	0.006829238643592128
57.375	0	0.00508223036950161
57.5	0	0.004933695192199611
57.625	0	0.004720883847563312
57.75	0	0.004784069402982222
57.875	0	0.007153179066969802
58.	0	0.007371848346659579
58.125	0	0.006487251468521592
58.25	0	0.005293040980809097
58.375	0	0.005900362777677918
58.5	0	0.004722240203392613
58.625	0	0.004823311800263101
58.75	0	0.0038004346522591574
58.875	0	0.005134999708241805
59.	0	0.002020529946314348
59.125	0	0.0030504754997065127
59.25	0	0.0009555811990553977
59.375	0	0.0018121439665707418
59.5	0	0.001204053328633912
59.625	0	-0.0024157944407313028
59.75	0	0.0004900489347682139
59.875	0	-0.0011234763204445936
60.	0	-0.003808150038873602
60.125	0	-0.004413638648523848
60.25	0	-0.005735338567100461
60.375	0	-0.005025444631234964
60.5	0	-0.004022224222382246
60.625	0	-0.007185446262104144
60.75	0	-0.006029632569787369
60.875	0	-0.005513588508529301
61.	0	-0.005378620223853221
61.125	0	-0.007389350898232904
61.25	0	-0.004364623240113513
61.375	0	-0.006672488628245147
61.5	0	-0.00584110149370953
61.625	0	-0.0037935918149078498
61.75	0	-0.004075818968799906
61.875	0	-0.005467559688952361
62.	0	-0.004515651282290936
62.125	0	-0.002990396667496185
62.25	0	-0.0006099603477355069
62.375	0	-0.0005150946923790029
62.5	0	-0.0008185270207819327
62.625	0	-0.002244851445505006
62.75	0	0.0013123397386204296
62.875	0	0.001824015902395228
63.	0	0.0028227596665729056
63.125	0	0.0036381186390208905
63.25	0	0.0010646899340081351
63.375	0	0.0051214756960243695
63.5	0	0.005048009662758462
63.625	0	0.005233638970126402
63.75	0	0.005126710371467073
63.875	0	0.005472445332808428
64.	0	0.004877699402049878
64.125	0	0.004127715659471381
64.25	0	0.0065608790583836195
64.375	0	0.003910545757510247
64.5	0	0.00333690458834672
64.625	0	0.0031286246195429916
64.75	0	0.004534848330053297
64.875	0	0.0026882821213007387
65.	0	0.0024908663858739365
65.125	0	0.001700732355551587
65.25	0	0.0007475652784562142
65.375	0	0.002740947186151349
65.5	0	0.0011676647897874187
65.625	0	0.0004044085518627131
65.75	0	0.0007836637275694656
65.875	0	-0.00007015856197573072
66.	0	-0.002532114947740811
66.125	0	-0.0006351425477506515
66.25	0	-0.00020290582095566648
66.375	0	-0.0026787302629433067
66.5	0	-0.003709082218008657
66.625	0	-0.0035631321088684426
66.75	0	-0.0021887464468970863
66.875	0	-0.003995598765177007
67.	0	-0.00559849136767739
67.125	0	-0.0039036844565880956
67.25	0	-0.006099145512549651
67.375	0	-0.00510465885708156
67.5	0	-0.005141166488291955
67.625	0	-0.003453590858708346
67.75	0	-0.002935861151249707
67.875	0	-0.003348663899351635
68.	0	-0.004913883131750518
68.125	0	-0.0030936663413257703
68.25	0	-0.003068894696120699
68.375	0	-0.0037521355237400346
68.5	0	0.00020860023750111315
68.625	0	0.0004312018317230036
68.75	0	-0.002392713071702473
68.875	0	0.00041399779179677814
69.	0	0.0006175559601934758
69.125	0	0.002024169417209602
69.25	0	0.00041175127072017417
69.375	0	0.0014413414736977434
69.5	0	0.0018738895447652515
69.625	0	0.00098455376448972
69.75	0	0.0015381764877420915
69.875	0	0.0028423024839421295
70.	0	0.0020009608328453356
70.125	0	0.0047805283244385195
70.25	0	0.0020207889507964216
70.375	0	0.0033503784911718686
70.5	0	0.005143167792727469
70.625	0	0.002955288522795576
70.75	0	0.003672743930426433
70.875	0	0.004601685943223387
71.	0	0.0048221638367900495
71.125	0	0.0016839976807318342
71.25	0	0.0034280412346155598
71.375	0	0.0014742498198251222
71.5	0	0.0008122987682668433
71.625	0	0.001970783797469558
71.75	0	0.000792599667333224
71.875	0	0.0004568947680455487
72.	0	0.0022347407894061284
72.125	0	-0.001173137753500989
72.25	0	0.00010021934422489915
72.375	0	-0.001638679092357014
72.5	0	-0.002777249731403985
72.625	0	-0.0036503217354244798
72.75	0	-0.0032926967587232035
72.875	0	-0.0013162364484602847
73.	0	-0.0012265824942750598
73.125	0	-0.00398596796900151
73.25	0	-0.0017967771699139714
73.375	0	-0.002433736488577652
73.5	0	-0.004810049565745787
73.625	0	-0.004542120259793821
73.75	0	-0.0012959626698419036
73.875	0	-0.0021346878445135673
74.	0	-0.0042258270578973516
74.125	0	-0.00452682139846567
74.25	0	-0.0037847949226839017
74.375	0	-0.0017750937306987829
74.5	0	-0.00011469867299864541
74.625	0	-0.0016642140693341543
74.75	0	-0.0008907819367849148
74.875	0	-0.002611644413911515
75.	0	-0.0005908801237464967
75.125	0	0.0004473327184835441
75.25	0	0.0016851745126251578
75.375	0	0.0024447777887825132
75.5	0	0.00044771646186784884
75.625	0	0.0009310861738121371
75.75	0	0.0017577442102271613
75.875	0	0.00046725237381790787
76.	0	0.003315501603326689
76.125	0	0.0041046218962041935
76.25	0	0.004089047754038098
76.375	0	0.001114985794307428
76.5	0	0.0014061453045657725
76.625	0	0.0033876400010564274
76.75	0	0.003589339845931601
76.875	0	0.0034200841583758514
77.	0	0.0039425465935674165
77.125	0	0.0009405660848534521
77.25	0	0.0006949846495655763
77.375	0	0.0015192726613987156
77.5	0	0.0037448998266230204
77.625	0	0.0012385068410160902
77.75	0	0.0009564141587515974
77.875	0	-0.00013095745070962404
78.	0	-0.0006234802089737367
78.125	0	0.0018184033564893308
78.25	0	-0.000042780235557893795
78.375	0	-0.00007351225614924818
78.5	0	0.001310294511242478
78.625	0	-0.0003335463503592363
78.75	0	-0.00033742060777606933
78.875	0	-0.0022362599855922064
79.	0	-0.00014268119863777157
79.125	0	-0.0006199334174190306
79.25	0	-0.001020820260919675
79.375	0	-0.0017956913829216435
79.5	0	-0.0007355055719865204
79.625	0	-0.003417556087577504
79.75	0	-0.0035984069500325675
79.875	0	-0.001285351120735777
80.	0	-0.0023241509001992577
80.125	0	-0.004054869349933746
80.25	0	-0.0038837434392228584
80.375	0	-0.0032763009235165213
80.5	0	-0.0008701191986564574
80.625	0	-0.000354722027400736
80.75	0	-0.00012694722813540518
80.875	0	-0.0018564753375985292
81.	0	-0.002874151056279431
81.125	0	-0.0008416853816327939
81.25	0	-0.000827309477843446
81.375	0	0.0011765882532087817
81.5	0	0.001318223596507261
81.625	0	0.0019698804631857504
81.75	0	-0.0006130632193056004
81.875	0	-0.0011297398679422886
82.	0	0.0023411713979746116
82.125	0	0.0011874136704985586
82.25	0	0.002809207140739029
82.375	0	0.00217100848513259
82.5	0	0.0035467140235277235
82.625	0	0.003145925426259816
82.75	0	0.0018253899616073415
82.875	0	0.003754767771632111
83.	0	0.0005793783485400544
83.125	0	0.0010478331144405705
83.25	0	0.001952753484991035
83.375	0	0.0014576872949386669
83.5	0	0.002158750048527507
83.625	0	-0.0002530038440320707
83.75	0	0.0026186194766094437
83.875	0	0.0028023617859822144
84.	0	-0.00034497842325019435
84.125	0	0.001339778253008871
84.25	0	0.0007258986112713865
84.375	0	0.001997940204385128
84.5	0	0.0018049333260425206
84.625	0	-0.000011238212481460913
84.75	0	0.001177711132839358
84.875	0	0.001268671799258699
85.	0	-0.0003010392392556465
85.125	0	0.00002603986052349377
85.25	0	-0.00004771495591143434
85.375	0	-0.00013327594632855824
85.5	0	-0.00249731726486467
85.625	0	0.0005226619623633056
85.75	0	-0.0014549248295018153
85.875	0	-0.0031643494745366846
86.	0	-0.00041938883328932744
86.125	0	-0.0012328536461192257
86.25	0	-0.0013651503982406502
86.375	0	-0.0014835300279781181
86.5	0	-0.00296331747232231
86.625	0	-0.0011057389077019039
86.75	0	-0.0014937146982115697
86.875	0	-0.002087849685915389
87.	0	0.0003437002666690247
87.125	0	-0.002006200446330701
87.25	0	-0.0011920011096420097
87.375	0	0.00008820440791339863
87.5	0	0.0011943458406519034
87.625	0	-0.0018247443664534634
87.75	0	0.001205439400510476
87.875	0	0.0019545761881625927
88.	0	-0.0008069371544150231
88.125	0	0.0014615023089353247
88.25	0	0.0013912428707328656
88.375	0	0.0015789974089411916
88.5	0	0.0028802877936888994
88.625	0	0.0021523086338922767
88.75	0	-0.00018795558112403373
88.875	0	0.0007626806483719694
89.	0	0.0007419737378947872
89.125	0	-0.00016112413409358835
89.25	0	0.003327214061214552
89.375	0	-0.0005373918724817816
89.5	0	0.00046539796533595927
89.625	0	0.0004188475390632841
89.75	0	-0.00018470186381196792
89.875	0	0.0024448792680207034
90.	0	0.0008192271400109115
90.125	0	0.002918339177147942
90.25	0	0.001907504369005193
90.375	0	0.00016183507429222475
90.5	0	0.0012568703416848718
90.625	0	-0.0016514939070671301
90.75	0	-0.0016094487868969659
90.875	0	-0.0017244670832778
91.	0	-0.0004009711211083539
91.125	0	-0.0016186022177267973
91.25	0	-0.000046582662597700756
91.375	0	0.0010925701803343275
91.5	0	0.001128205922232732
91.625	0	-0.0011794110353732334
91.75	0	-0.001799613067377857
91.875	0	-0.000024367017443484773
92.	0	-0.0028365662482122828
92.125	0	-0.002927263188589136
92.25	0	-0.0001895749399493387
92.375	0	-0.0021992489306716205
92.5	0	-0.002342780191420208
92.625	0	-0.002133472345541547
92.75	0	0.0006458243476734757
92.875	0	-0.002991800037115257
93.	0	-0.002005258105775046
93.125	0	0.0006092687673218351
93.25	0	-0.00001643222991410873
93.375	0	-0.0024557234370267936
93.5	0	-0.0006351679536595246
93.625	0	0.0005789956090454674
93.75	0	0.00002340550966792174
93.875	0	0.0011426362554631394
94.	0	0.0011289434659606042
94.125	0	-0.0005561688870276517
94.25	0	0.00020988610596981436
94.375	0	0.0004744228384874217
94.5	0	0.0009906774891386906
94.625	0	0.0022578421062435065
94.75	0	0.0023975076181965934
94.875	0	-0.000228715139210021
95.	0	-0.0004474698861616183
95.125	0	0.0023116897564803294
95.25	0	-0.00048364848016324525
95.375	0	0.0018276423635300355
95.5	0	0.0008475643631489283
95.625	0	0.0026837541653819074
95.75	0	0.0012078617781059009
95.875	0	0.0024602259241996013
96.	0	0.0027250814840824806
96.125	0	-0.0008490983618619967
96.25	0	0.0024757140014628827
96.375	0	0.002152649958542631
96.5	0	0.0005020865835886513
96.625	0	-0.000627861596211402
96.75	0	0.0009366286064895247
96.875	0	0.002004306867269062
97.	0	0.0008615248259772059
97.125	0	-0.0007531858171300373
97.25	0	0.0007185985278272409
97.375	0	-0.0005243406870339486
97.5	0	-0.0012182322613500285
97.625	0	0.00022600388185715583
97.75	0	-0.0018665957610613845
97.875	0	0.0008370333052931775
98.	0	-0.0013457982973547507
98.125	0	-0.0014163659648003747
98.25	0	-0.0016847916729010484
98.375	0	0.0002228167136405666
98.5	0	-0.0008588553057066667
98.625	0	-0.002629476073252472
98.75	0	-0.00033763052754582647
98.875	0	-0.0010290011854325062
99.	0	0.0007499476744417252
99.125	0	-0.0016739341934556666
99.25	0	0.00046820128018861223
99.375	0	-0.0005751942740477859
99.5	0	0.0008596598571639111
99.625	0	0.00025154582199733125
99.75	0	-0.002146073162973753
99.875	0	-0.0019126857443891906
100.	0	0.001170181321736825
100.125	0	-0.0010749043489921175
100.25	0	-0.001905301923011556
100.375	0	-0.001443489195134667
100.5	0	-0.001544159432184629
100.625	0	-0.0007906450304744059
100.75	0	-0.0010549262614886487
100.875	0	0.0009732852144232557
101.	0	-0.0010541125262521014
101.125	0	-0.0005625762071280721
101.25	0	0.0003782539687546381
101.375	0	0.0020871875354414545
101.5	0	-0.0007273459183794704
101.625	0	0.0021964737621223544
101.75	0	-0.001085542359080646
101.875	0	0.0011900380267883294
102.	0	0.00003039327620238722
102.125	0	-0.001206477449532926
102.25	0	-0.0012154136329100736
102.375	0	0.0014687678139779004
102.5	0	0.000894165496629814
102.625	0	0.000738651179059345
102.75	0	0.0023014056521192647
102.875	0	0.00014150318757702462
103.	0	0.0022133041513838626
103.125	0	0.0009329950821050702
103.25	0	0.0018165376544557977
103.375	0	0.0009594707273841926
103.5	0	-0.00007335124790543098
103.625	0	-0.0020549069499820475
103.75	0	-0.001385513064871331
103.875	0	-0.0020493193662823347
104.	0	0.0009233265460033347
104.125	0	-0.00017020808091074737
104.25	0	-0.0023491221848223574
104.375	0	0.0002960910388685648
104.5	0	-0.0007043197130062592
104.625	0	0.00029391888564981423
104.75	0	-0.0024949478257913493
104.875	0	0.0011751336543856941
105.	0	0.0010935629808342367
105.125	0	-0.002131151387026376
105.25	0	-0.0013479382880200905
105.375	0	0.0014130669877966595
105.5	0	0.0005852974060949514
105.625	0	0.0011904154358009518
105.75	0	0.0005926496086955016
105.875	0	-0.0002210542919418988
106.	0	-0.0003321753501508731
106.125	0	-0.0008187179761521119
106.25	0	0.00047953503514731047
106.375	0	0.001190294182717217
106.5	0	-0.0009957233733711283
106.625	0	0.0008246285185544831
106.75	0	0.0011054265462457497
106.875	0	0.0016346732584273552
107.	0	0.0017294434951248753
107.125	0	0.00016008882857116225
107.25	0	0.0022783602791111458
107.375	0	0.0015659043025496025
107.5	0	0.002074781367833679
107.625	0	0.002406883177758896
107.75	0	0.0024597655793554456
107.875	0	0.00008012881551903414
108.	0	-0.0009760229303927812
108.125	0	-0.0006474668343100266
108.25	0	-0.00026888670172720605
108.375	0	0.0006919447246383224
108.5	0	-0.0009731034550570373
108.625	0	0.0008995676487275283
108.75	0	0.0007897863686168811
108.875	0	0.001015844439784144
109.	0	0.00013885383495523072
109.125	0	0.0011306039015632845
109.25	0	0.001815843042771859
109.375	0	-0.001559889808384383
109.5	0	-0.000484391045054269
109.625	0	-0.001243315094084106
109.75	0	-0.0014425200223400628
109.875	0	0.0011800547076725898
110.	0	0.0010472156547840833
110.125	0	0.000583901337129723
110.25	0	-0.0004037800367555154
110.375	0	0.0005314487999455216
110.5	0	-0.001314748883889717
110.625	0	0.00037381488740649614
110.75	0	-0.0014859539714600217
110.875	0	-0.0015316342983462828
111.	0	0.0006401283796062566
111.125	0	-0.0003185255968524385
111.25	0	-0.0003235922929925846
111.375	0	0.000167275978529146
111.5	0	-0.0006681138234503741
111.625	0	-0.0023559337421870316
111.75	0	0.0007754445361275305
111.875	0	0.0007839285659960633
112.	0	-0.0007074637464279693
112.125	0	-0.0005264750251038693
112.25	0	-0.0000865726117320508
112.375	0	0.0007975161702695421
112.5	0	-0.0015055209618931877
112.625	0	-0.00040172965066845876
112.75	0	0.0015771575407615606
112.875	0	0.0014604162319593998
113.	0	0.0008364982224064595
113.125	0	-0.000030684039951451794
113.25	0	0.0018093289929033702
113.375	0	-0.0011778662207256438
113.5	0	0.0019885324720181944
113.625	0	-0.0008524200353198224
113.75	0	0.0004716001133843968
113.875	0	-0.00015867882013770708
114.	0	0.0014973043107906875
114.125	0	0.0008255936684357038
114.25	0	-0.0015397730508085973
114.375	0	0.001473914266840217
114.5	0	0.0019152752162572115
114.625	0	0.0017390540882833917
114.75	0	-0.0016063553969426676
114.875	0	0.000400774588409039
115.	0	-0.000925261536224213
115.125	0	-0.00021241509131853154
115.25	0	0.0022306070949866096
115.375	0	0.000604918457520427
115.5	0	0.0019228626709466665
115.625	0	-0.001157892831048035
115.75	0	0.0019346228700156875
115.875	0	-3.4946559306238328e-6
116.	0	0.0019284571352835478
116.125	0	0.0014661258594357413
116.25	0	-0.00009959364860795843
116.375	0	-0.0017915824948627366
116.5	0	-0.0006147684688817766
116.625	0	0.0017510644108428976
116.75	0	0.0011693826658780273
116.875	0	0.0017141139623915382
117.	0	0.0006618094633269867
117.125	0	0.0006290325077827829
117.25	0	-0.00004928416583498352
117.375	0	0.0007652202576184184
117.5	0	-0.0007945626241204623
117.625	0	0.001413489873048011
117.75	0	-0.0019323456532280106
117.875	0	-0.0020370092095195603
118.	0	0.00047528770812336156
118.125	0	0.00001136934243781086
118.25	0	0.0011742890351691994
118.375	0	0.0014412013843520437
118.5	0	0.0005719638743575237
118.625	0	-0.0016621158390871817
118.75	0	-0.000966786953509319
118.875	0	-0.0016833130187920067
119.	0	0.00018353556508810448
119.125	0	-0.0006724106758454328
119.25	0	0.0010725505780267322
119.375	0	-0.00014044714923593693
119.5	0	0.001215724604600515
119.625	0	-0.0016645139636117451
119.75	0	0.00015968712097364274
119.875	0	-0.0006452171943980918
120.	0	-0.0011615773238191325
120.125	0	0.0009135321494758584
120.25	0	0.00020226846993683464
120.375	0	0.0012663523982211653
120.5	0	0.0013620004259850757
120.625	0	-0.00020797587868522565
120.75	0	0.001007059210614051
120.875	0	-0.001142368871743901
121.	0	0.001107440932142401
121.125	0	0.001629649132678162
121.25	0	-0.0016240161440599608
121.375	0	0.0017749705370340518
121.5	0	0.0005277181747814742
121.625	0	0.0014177888952093968
121.75	0	0.002001566718977586
121.875	0	0.0010618638012062968
122.	0	-0.0015433939209337638
122.125	0	-0.0011723528141749189
122.25	0	-0.00030303318050334206
122.375	0	-0.0007112676470191877
122.5	0	0.00008504416886785496
122.625	0	-0.00003349640641551613
122.75	0	-0.0006207995418623035
122.875	0	0.00026226079320603823
123.	0	0.0013777541196548036
123.125	0	-0.0010903268203640323
123.25	0	-0.0016389701942770135
123.375	0	-0.00017351397300775553
123.5	0	-0.000702361002891704
123.625	0	0.00019591728534115662
123.75	0	0.00018747804302216632
123.875	0	-0.0002670134119519028
124.	0	-0.0004340286578890723
124.125	0	-0.0011766679041342243
124.25	0	0.00032157913179465457
124.375	0	0.0009250505265890807
124.5	0	-0.000027176077166230585
124.625	0	0.0015111146437614292
124.75	0	0.0016279358873933511
124.875	0	0.000017853260653787853
125.	0	0.00002773171561936007
125.125	0	-0.001588375814288327
125.25	0	0.001396384518409582
125.375	0	0.0017791884079370634
125.5	0	-0.0012260632930764883
125.625	0	-0.00011057631233816107
125.75	0	-0.001321658210619642
125.875	0	0.000585418179662454
126.	0	0.0019899622558091717
126.125	0	-0.00033366132909960777
126.25	0	-0.0007318265235841878
126.375	0	0.00042311237230836774
126.5	0	0.0017285356205347748
126.625	0	0.0012488401859690314
126.75	0	0.000578262641989385
126.875	0	-0.0016742025207877149
127.	0	-0.001249154168218465
127.125	0	-0.0002226921945689891
127.25	0	-0.0013697685252606312
127.375	0	-0.00018121126594835792
127.5	0	0.00011434529789029327
127.625	0	-0.001566147588248033
127.75	0	-0.0009016092343696763
127.875	0	0.0016294179441474095
128.	0	0.00042895161228157945
128.125	0	-0.00033498074035187694
128.25	0	-0.0019395176951847064
128.375	0	0.0018722990437866262
128.5	0	-0.0011809858696229425
128.625	0	-0.001996445706041106
128.75	0	-0.0007782433964332707
128.875	0	-0.0016778256820898863
129.	0	0.0008923484502814426
129.125	0	-0.00020857464220730727
129.25	0	0.001788033415890704
129.375	0	0.0003278752595618857
129.5	0	0.000971909406657719
129.625	0	0.0016030471302047322
129.75	0	-0.001166803760043088
129.875	0	0.0013771798056848288
130.	0	0.000492171375238568
130.125	0	-0.0009368183019035539
130.25	0	-0.001085604165898712
130.375	0	-0.00008906195957800762
130.5	0	0.0000276033913115276
130.625	0	-0.0018380353620309248
130.75	0	0.001701861781936371
130.875	0	0.001295801012919188
131.	0	-0.0012684848264520158
131.125	0	0.0012025627834787265
131.25	0	-0.001058058320815462
131.375	0	0.001859774206941674
131.5	0	0.0019293982111747842
131.625	0	-0.001104087588060305
131.75	0	0.00037805183433542493
131.875	0	0.0010886510051758525
132.	0	0.0006111408143666176
132.125	0	-0.001313655379316067
132.25	0	-0.001218965877754061
132.375	0	0.0020465286588543363
132.5	0	0.001170899211365296
132.625	0	0.0012935912762512803
132.75	0	0.0009766371615893648
132.875	0	0.0003758373505101324
133.	0	0.001574619102538082
133.125	0	-0.0012614690766388028
133.25	0	-0.00009150092861540931
133.375	0	-0.0012186938209273297
133.5	0	0.0016149079244666645
133.625	0	0.0003462262315248889
133.75	0	-0.0016798625279175348
133.875	0	-0.0009792837614147937
134.	0	0.0010263082851491355
134.125	0	-0.000837590935745965
134.25	0	0.0006046401722006792
134.375	0	0.0013135745786087571
134.5	0	0.0018464588309207686
134.625	0	-0.0019455311317715135
134.75	0	-0.0009954077304926959
134.875	0	0.0007021541200967004
135.	0	-0.001752091641250106
135.125	0	-0.001283429595940345
135.25	0	0.001246767472662426
135.375	0	-0.00035744270796146503
135.5	0	0.0000829848817262406
135.625	0	-0.0010023469773020129
135.75	0	-0.001327358427423274
135.875	0	-0.0002961459411039614
136.	0	0.0013896168637040982
136.125	0	-0.0021088935759137374
136.25	0	0.00014976195681818
136.375	0	0.0004452501981208896
136.5	0	0.0012885093783607758
136.625	0	0.0017915482309251297
136.75	0	0.0007840846632692518
136.875	0	0.00045555466154557916
137.	0	0.0018927665129509824
137.125	0	-0.0015014606252414422
137.25	0	0.0010952915213446356
137.375	0	0.000873776345148407
137.5	0	-0.0018102074399600134
137.625	0	-0.0007628142261913813
137.75	0	0.0005696391600832866
137.875	0	-0.00015582358597281492
138.	0	0.0014945370842709416
138.125	0	0.0019626383339849617
138.25	0	-0.0003865251905186136
138.375	0	0.00013684899072346482
138.5	0	0.00047140541463360717
138.625	0	-0.0017836073430607681
138.75	0	-0.0014340967140680718
138.875	0	-0.001523062853633286
139.	0	-0.0006392418065318205
139.125	0	0.001074044746664298
139.25	0	0.0017089800553327186
139.375	0	-0.0012408616389912126
139.5	0	0.0013151923411831008
139.625	0	-0.0005061937018614463
139.75	0	0.0020538563824115024
139.875	0	-0.0001448854798736275
140.	0	0.0019066917262404977
140.125	0	0.001863224642328458
140.25	0	0.0005007024861726131
140.375	0	-0.0006705032194443951
140.5	0	-0.001301207849008665
140.625	0	0.000684786065010711
140.75	0	0.0001800425509054063
140.875	0	0.0005529041489699256
141.	0	-0.0005759789671858765
141.125	0	0.00014616175735090127
141.25	0	0.0018279079043608082
141.375	0	0.0009917340208620562
141.5	0	-0.00022529568187963127
141.625	0	0.0004221475118957093
141.75	0	-0.0010919203696704114
141.875	0	-0.0012842688158486144
142.	0	-0.0017806285217930318
142.125	0	-0.0014259662483846777
142.25	0	0.0008001871666509604
142.375	0	-0.0007888813963231659
142.5	0	0.0018504746231658743
142.625	0	0.0016568325060292025
142.75	0	0.00030673658723728305
142.875	0	-0.0020309748967177704
143.	0	0.0005653797655893595
143.125	0	-0.0009802630792229514
143.25	0	0.0006286897737908067
143.375	0	-0.001852092699629768
143.5	0	-0.0006820032288528532
143.625	0	0.00026501753221582793
143.75	0	0.001917329090683125
143.875	0	-0.00007803973919080705
144.	0	0.0002360125761698031
144.125	0	-0.00036410872996539193
144.25	0	-0.0006139376672126638
144.375	0	0.0019003288501344448
144.5	0	-0.001046251129152526
144.625	0	0.001295013531382541
144.75	0	-0.0015693623960606532
144.875	0	-0.0013122578179732185
145.	0	0.0013603290992501155
145.125	0	-0.0011318510518329864
145.25	0	0.001288717373140924
145.375	0	-0.00002214991481385349
145.5	0	-0.0018097269191890194
145.625	0	-0.0009356675544302805
145.75	0	0.0007543230365014809
145.875	0	-0.001176127132657541
146.	0	0.0003031150282790478
146.125	0	0.0017511571856666664
146.25	0	0.0018565337210119262
146.375	0	-0.000014002256936599715
146.5	0	-0.001607993158962638
146.625	0	0.0015684332828744482
146.75	0	0.0019268884246580833
146.875	0	0.0018824880303729243
147.	0	-0.00032490780113597547
147.125	0	-0.0006614602153083241
147.25	0	-0.0017843133612016498
147.375	0	0.0003164273619132843
147.5	0	0.0010612019846650337
147.625	0	0.0004578804892456947
147.75	0	-0.001301985971783536
147.875	0	-0.0019275226869679316
148.	0	-0.0017417602806961562
148.125	0	0.0006178711917638133
148.25	0	0.0006221937933050594
148.375	0	-0.0016740280606453914
148.5	0	0.0005935856473617302
148.625	0	-0.00199439872540967
148.75	0	-0.0015336568354105448
148.875	0	-0.00016645689499472
149.	0	-0.0019109724778282968
149.125	0	-0.0014052631841675281
149.25	0	0.0011135083226520661
149.375	0	0.001832687938218773
149.5	0	-0.0006807305326416301
149.625	0	0.00016621419565659228
149.75	0	-0.000887560381220271
149.875	0	0.0004907842666316935
150.	0	-0.000686402668843058
150.125	0	-0.0019425529904493215
150.25	0	-0.001847960591108632
150.375	0	-0.0009258113332477367
150.5	0	-0.00022720781509250515
150.625	0	0.0019106713675029851
150.75	0	0.0014485108063065036
150.875	0	-0.0009465034966442994
151.	0	-0.00045371508424883083
151.125	0	-0.001776600377332397
151.25	0	0.0019093785678370655
151.375	0	0.0008420198312361509
151.5	0	0.0008399364162770058
151.625	0	0.001880835153906094
151.75	0	-0.0012388750928861532
151.875	0	0.0014362054434906377
152.	0	0.000868842391239999
152.125	0	-0.0011383212644526326
152.25	0	0.0014788752013306854
152.375	0	0.0015669047796448615
152.5	0	0.0008653324256916715
152.625	0	-0.0012458434388162738
152.75	0	0.00033673241293941385
152.875	0	-0.0005373313958928872
153.	0	-0.0012369169807235731
153.125	0	-0.00010551358504088435
153.25	0	0.0012411403494205424
153.375	0	-0.0017463345111644372
153.5	0	0.00036312603073746777
153.625	0	-0.0016861344602441455
153.75	0	0.0005971013580419537
153.875	0	0.0003251066803044378
154.	0	0.0012330422904380147
154.125	0	-0.0014255410006567075
154.25	0	-0.0013313473836677051
154.375	0	-0.0009075534912919622
154.5	0	-0.0016637391545282116
154.625	0	0.000403004936687799
154.75	0	0.0000103179492453687
154.875	0	0.0013114665607078051
155.	0	-0.0018544248052552476
155.125	0	-0.0020395849162244883
155.25	0	-0.0011335621488601528
155.375	0	-0.0015410508983057648
155.5	0	0.00035342436774078923
155.625	0	0.0008601939579133296
155.75	0	-0.0005884799517917801
155.875	0	0.00044841174816555415
156.	0	0.0011784885369265044
156.125	0	-0.0013939988203678375
156.25	0	0.0009337612933162206
156.375	0	0.0012569572157566016
156.5	0	-0.0016451603565588691
156.625	0	-0.0011833757389171906
156.75	0	0.0014062326093629697
156.875	0	0.00030775641796305936
157.	0	0.0016317579107706034
157.125	0	0.0010500755901707293
157.25	0	-0.0006392775791550108
157.375	0	-0.0003683432330155341
157.5	0	0.0018952376211619276
157.625	0	-0.0014762108565837023
157.75	0	-0.0008166865147173196
157.875	0	0.0018070231630175995
158.	0	-0.00022085964725961652
158.125	0	0.0018630245526279475
158.25	0	0.0013955655784507433
158.375	0	-0.0015594113440430398
158.5	0	0.0012821037764060284
158.625	0	-0.0018988668110172906
158.75	0	0.0011579772923906552
158.875	0	-0.00038724344403396417
159.	0	-0.00008601935350848955
159.125	0	-0.0015490539728225015
159.25	0	0.0015126197534066207
159.375	0	-0.001652663863768231
159.5	0	-0.0002685722229546177
159.625	0	0.0004516394358433709
159.75	0	0.00010898747590426404
159.875	0	0.00040257407456218894
160.	0	-0.0018720026078485144
160.125	0	-0.00003706001812985592
160.25	0	-0.0017352510067652753
160.375	0	0.0012166466061780028
160.5	0	0.0012073836769584784
160.625	0	-0.00007572847944861788
160.75	0	-0.0005141695232666523
160.875	0	0.0004908895036282231
161.	0	0.0005681777012991039
161.125	0	-0.0012521524672461273
161.25	0	-0.0017443461681602129
161.375	0	0.0017258869329155996
161.5	0	0.0009505022894549463
161.625	0	-0.0013753264693723408
161.75	0	0.0016572721455100463
161.875	0	0.0015140917134272996
162.	0	0.0001094456353027828
162.125	0	0.000013624927096362754
162.25	0	0.001299777530098897
162.375	0	0.001571016156219064
162.5	0	-0.00016493258964885965
162.625	0	0.001177207544878253
162.75	0	5.068012050206255e-6
162.875	0	-0.0013000171458639334
163.	0	0.0017545481181690445
163.125	0	-0.0018541288482555637
163.25	0	-0.001359325977763803
163.375	0	-0.0015263799602045394
163.5	0	0.0017783638380824594
163.625	0	-0.0014211733555241275
163.75	0	0.0003804667454997689
163.875	0	0.0009092869580121211
164.	0	-0.001894940242134408
164.125	0	-0.0005982412614898242
164.25	0	0.0005274163110849764
164.375	0	0.001836374949670379
164.5	0	0.001410542049878791
164.625	0	0.0017028599554318455
164.75	0	0.001792718531531161
164.875	0	0.0017655027921226684
165.	0	0.0003167258535835035
165.125	0	0.001749300508894997
165.25	0	0.0012357183437162547
165.375	0	0.0008865788154312998
165.5	0	0.0019045106208740426
165.625	0	-0.0014631851334716715
165.75	0	0.0018675186965745525
165.875	0	0.0009592343061324747
166.	0	0.00004895002403947313
166.125	0	0.00015381456344750892
166.25	0	0.00040231150476239045
166.375	0	-0.000356777729826896
166.5	0	-0.001549714739465479
166.625	0	-0.000976965253416993
166.75	0	0.00004145199487521894
166.875	0	0.00016132513501678286
167.	0	-0.0006893048985502683
167.125	0	0.001968988977974498
167.25	0	-0.000210558189609592
167.375	0	-0.0010186563250111872
167.5	0	-0.0014832734352504373
167.625	0	0.0000832489592439939
167.75	0	-0.0004627348139007735
167.875	0	-0.0013209184458819797
168.	0	-0.00155440768454981
168.125	0	-0.00027026018023531965
168.25	0	-0.0010132808666154579
168.375	0	-0.0014700810290525748
168.5	0	0.0002193299627861933
168.625	0	-0.0008162908141361411
168.75	0	-0.0013606993050517776
168.875	0	-0.0010344310013623164
169.	0	0.001680120256333871
169.125	0	0.0011596561121626353
169.25	0	0.0000663113836730717
169.375	0	0.0015971051384013923
169.5	0	-0.0015159109621192986
169.625	0	0.0015105261262404305
169.75	0	-0.0011130282535577118
169.875	0	0.0009689784697966729
170.	0	-0.000882470250173364
170.125	0	0.001066328363262244
170.25	0	-0.001013215563364555
170.375	0	-0.0010020591072250292
170.5	0	-0.001766166304796299
170.625	0	-0.001563464575795921
170.75	0	0.0005585458602851986
170.875	0	-0.00035489453914051643
171.	0	0.0000811135684538082
171.125	0	-0.0011360914554436362
171.25	0	-0.0014097963396474341
171.375	0	-0.001811848238896925
171.5	0	0.001504877514610234
171.625	0	0.0012842612503557128
171.75	0	0.000595688384895281
171.875	0	0.0006502791692612212
172.	0	-0.0012241968587604493
172.125	0	0.00036943374857404125
172.25	0	-0.0004348280167612721
172.375	0	0.0019284914571434408
172.5	0	-0.0003164818971353193
172.625	0	0.0008426807833025878
172.75	0	-0.0006863322401978308
172.875	0	0.00100449668086594
173.	0	-0.0000620587167772838
173.125	0	-0.0009495686317458116
173.25	0	0.0006410723806689476
173.375	0	0.0007715483023612215
173.5	0	-0.00016739132171132758
173.625	0	-0.00009570810944161704
173.75	0	-0.0016787973429212115
173.875	0	0.0008485027138970087
174.	0	0.0013912542456144545
174.125	0	0.0014755902177415665
174.25	0	0.000020930312701486942
174.375	0	-0.0011058034749508784
174.5	0	0.00192975390133221
174.625	0	-0.0013453137182747766
174.75	0	0.00011839496447366785
174.875	0	-0.0008062173573365438
175.	0	-0.00044058223835263127
175.125	0	-0.0019884812876120967
175.25	0	0.0005046278688661689
175.375	0	0.0018309271645765026
175.5	0	-0.0014275176566859275
175.625	0	-0.0019930531031754624
175.75	0	0.0005322349377378621
175.875	0	-0.0007294366143254539
176.	0	-0.0004385058810037968
176.125	0	0.0006793174954888869
176.25	0	-0.0003100344263668901
176.375	0	-0.00015912678741069786
176.5	0	0.0011825856866663229
176.625	0	-0.001032317770937493
176.75	0	-0.000704261748689372
176.875	0	-0.0012549012218014113
177.	0	0.00027951926103564323
177.125	0	0.00018320441954179103
177.25	0	0.0008613739298446867
177.375	0	-0.0006086750723971227
177.5	0	0.0010086414880651742
177.625	0	-0.0005664378848767238
177.75	0	-0.0018525539670805314
177.875	0	-0.000599755451229124
178.	0	-0.0001656925805047185
178.125	0	-0.0006809245304467205
178.25	0	0.000646471511595089
178.375	0	0.0019560913368400976
178.5	0	-0.0010753357421698936
178.625	0	-0.0012999402903773806
178.75	0	0.0004918853941435389
178.875	0	-0.0013991010532859603
179.	0	-0.000847503860426652
179.125	0	0.0002883292569503257
179.25	0	0.00021139813651875996
179.375	0	-0.0014318353280757474
179.5	0	-0.00006116883131184896
179.625	0	-0.001712754585572683
179.75	0	-0.001982994004785166
179.875	0	0.0007822346493362042
180.	0	0.0004400889951034425
180.125	0	0.000727859499022647
180.25	0	0.0012027280352886484
180.375	0	0.0017359582389502323
180.5	0	0.0015553281495315617
180.625	0	0.001014623908361368
180.75	0	0.0009776011692207505
180.875	0	-0.001195532399787506
181.	0	-0.0004434805314064231
181.125	0	0.0005862160951321065
181.25	0	-0.0014167547381125844
181.375	0	0.0008697555980776362
181.5	0	-0.0005868898972654456
181.625	0	-0.0013344445965374574
181.75	0	-0.001552141912024442
181.875	0	-0.0013919648312972512
182.	0	-0.0004328281414735993
182.125	0	-0.00024612578613744776
182.25	0	0.0016858180462785582
182.375	0	-0.00017046927039576955
182.5	0	-0.0002658592876751844
182.625	0	-0.001501226230754686
182.75	0	2.383970719535455e-6
182.875	0	0.0005699035127215573
183.	0	-0.0015493284987825764
183.125	0	-0.00017876932622156737
183.25	0	-0.0018064524653970727
183.375	0	-0.0011000958381593695
183.5	0	0.0006562060474838251
183.625	0	-0.0015364931669001566
183.75	0	0.0014174584351228363
183.875	0	-0.00044357328792370447
184.	0	-0.0005733405413028079
184.125	0	0.00023194580244071785
184.25	0	-0.0018310213237288525
184.375	0	0.0010191075467429443
184.5	0	-0.0013115241335837512
184.625	0	0.0010799069925091994
184.75	0	-0.0011378879589035522
184.875	0	-0.001570336458592596
185.	0	-0.00015365841172347764
185.125	0	0.0014112323229591125
185.25	0	0.0016123134409343712
185.375	0	0.000016452867108922226
185.5	0	0.00130105854800713
185.625	0	0.0017810708073446484
185.75	0	-0.0005156076409141763
185.875	0	-0.00048439421144143513
186.	0	0.0004947240513111896
186.125	0	-0.0014678475358661093
186.25	0	0.00021720309634592284
186.375	0	-0.0017755277936101282
186.5	0	0.0015702249992246748
186.625	0	-0.0017672370903626387
186.75	0	0.0005240299279109101
186.875	0	0.001529264904435652
187.	0	0.0016872790320355381
187.125	0	0.0019010330378708
187.25	0	-0.0016567650981702499
187.375	0	0.0009349143313744373
187.5	0	0.0007621991765443371
187.625	0	-0.0011566074274171484
187.75	0	0.0011649595602346622
187.875	0	0.001134817118046506
188.	0	-0.0011695573964850762
188.125	0	0.00003517172449442121
188.25	0	-0.0010205702171540015
188.375	0	0.001965204324938096
188.5	0	-0.0005967234949839437
188.625	0	0.0018331815254300254
188.75	0	-0.0003979548941321974
188.875	0	0.0003967556069979639
189.	0	-0.000048669455568385476
189.125	0	0.0011848145226965809
189.25	0	-0.00011814327476300141
189.375	0	0.0008318474925911076
189.5	0	-0.001428250394864125
189.625	0	0.0019446748188931989
189.75	0	0.0004709383685265345
189.875	0	-0.0012638098977114508
190.	0	-0.001123371470856624
190.125	0	-0.0007870354169052872
190.25	0	0.0015979345716524466
190.375	0	0.00044105647167928526
190.5	0	0.0014580600203476166
190.625	0	0.0017137787370746734
190.75	0	0.0003641566825142389
190.875	0	0.00009489832862058791
191.	0	-0.0016169327723608222
191.125	0	0.00028274786871769464
191.25	0	-0.0006982265098034744
191.375	0	0.0013702527403772406
191.5	0	0.0016291791641683076
191.625	0	-0.0010348373424149766
191.75	0	-0.00011657119793229281
191.875	0	-0.0009216562697900485
192.	0	0.001669740877539687
192.125	0	-0.0006893587214485223
192.25	0	-0.0009870297235106324
192.375	0	-0.0008674744686994343
192.5	0	-0.0014182807006042888
192.625	0	0.0013348061171147491
192.75	0	0.0019241392949838996
192.875	0	0.0010631733057202394
193.	0	-0.000730706341071784
193.125	0	0.0016051437188684418
193.25	0	0.0005396122849731449
193.375	0	-0.0016318452956884388
193.5	0	-0.001378780119180445
193.625	0	-0.0018406801590090743
193.75	0	-3.4875024276228675e-6
193.875	0	0.001058470595290263
194.	0	-0.0014598709113405525
194.125	0	0.000771698857163315
194.25	0	0.000030402809000069048
194.375	0	-0.00027040127738223174
194.5	0	-0.0011088449923059114
194.625	0	-0.0014550453453884527
194.75	0	0.0001080812929204232
194.875	0	-0.0016614795104043436
195.	0	0.0002006270057533375
195.125	0	-0.001373402031709899
195.25	0	0.00010487180138457974
195.375	0	-0.0013801337392788887
195.5	0	0.0017899548711201219
195.625	0	0.0003263237779625391
195.75	0	0.00010142224475779398
195.875	0	-0.00037767900705098015
196.	0	-0.0017177307213040068
196.125	0	0.0016114683119826361
196.25	0	0.001399838085626428
196.375	0	0.0006185970068229672
196.5	0	0.0017772413824420285
196.625	0	0.0004712250499509572
196.75	0	-0.0002931573589277382
196.875	0	0.001665316035755841
197.	0	-0.0006795188127503126
197.125	0	0.0008454789330923232
197.25	0	0.0008355739524836723
197.375	0	-0.0011233336337251516
197.5	0	0.0011863960492231665
197.625	0	0.00007324107338869724
197.75	0	0.00018544505317923067
197.875	0	0.0005602627287767132
198.	0	0.00001917228341897122
198.125	0	-0.0016601350487079982
198.25	0	-0.0013734825314355948
198.375	0	-0.0006929379922403799
198.5	0	0.0009617720784934336
198.625	0	-0.0001602463642539253
198.75	0	0.0006566714251854048
198.875	0	0.0015617492158897968
199.	0	0.0015284975295387256
199.125	0	0.0016701724488515188
199.25	0	0.0014054125062739975
199.375	0	-0.0017884929097530325
199.5	0	-0.0013735769323937675
199.625	0	0.00014426077451957882
199.75	0	-0.001962972205258294
199.875	0	0.0009476634662256939
200.	0	-0.0019739988390784684
