t	x	y
0.	1	0.00015858101987091368
0.125	1	0.01713700387186025
0.25	1	0.04772975328059015
0.375	1	0.09268085616970646
0.5	1	0.15220233174564438
0.625	1	0.22317408866505867
0.75	1	0.3057228138460178
0.875	1	0.39676065966993074
1.	1	0.49968549590536676
1.125	1	0.604019215408712
1.25	1	0.7181001241776503
1.375	1	0.8325973514572307
1.5	1	0.948603366291605
1.625	1	1.0669891835224057
1.75	1	1.1802328013205419
1.875	1	1.287041993979948
2.	1	1.3911275595017025
2.125	1	1.4847275068153964
2.25	1	1.5723141496188076
2.375	1	1.6515904096898246
2.5	1	1.7154476402237706
2.625	1	1.768878211373114
2.75	1	1.8093847604966442
2.875	1	1.8378493460134642
3.	1	1.8538002419465538
3.125	1	1.8536802712663696
3.25	1	1.8403946705381764
3.375	1	1.8161665511123928
3.5	1	1.7773078047274509
3.625	1	1.7299021112776176
3.75	1	1.6700101400751937
3.875	1	1.6001048384086907
4.	1	1.521852915168914
4.125	1	1.4352699982495734
4.25	1	1.3443442742857192
4.375	1	1.2468353002318466
4.5	1	1.1482873620268583
4.625	1	1.049060757761892
4.75	1	0.9507959875439995
4.875	1	0.8522223481175392
5.	1	0.7609878409511611
5.125	1	0.6728704087157078
5.25	1	0.5914081716395175
5.375	1	0.5145293109538286
5.5	1	0.4482804274606336
5.625	1	0.39040443471524255
5.75	1	0.3441550643309274
5.875	1	0.3074902611164155
6.	1	0.2827846135517541
6.125	1	0.2732309268546075
6.25	1	0.2698927658386473
6.375	1	0.27781111812730513
6.5	1	0.30050495614798434
6.625	1	0.33120321990396784
6.75	1	0.37301771837593245
6.875	1	0.42615663022325334
7.	1	0.485416283176357
7.125	1	0.5510868509467713
7.25	1	0.6249846166024247
7.375	1	0.7024094795909395
7.5	1	0.7823218460622193
7.625	1	0.8685889878643459
7.75	1	0.9529412987927184
7.875	1	1.0361299542319966
8.	1	1.1196892405549714
8.125	1	1.1992391578700679
8.25	1	1.2769319891754245
8.375	1	1.3461851731192018
8.5	1	1.4094703739761638
8.625	1	1.4665458548844392
8.75	1	1.5159109360521643
8.875	1	1.5565356621134905
9.	1	1.5878832874677298
9.125	1	1.6100041955663298
9.25	1	1.6232423334956
9.375	1	1.623397489450746
9.5	1	1.617536765415335
9.625	1	1.6009201764177654
9.75	1	1.5718206943311699
9.875	1	1.5368628148145078
10.	1	1.4938624423950901
10.125	1	1.443228791788516
10.25	1	1.3862474978575243
10.375	1	1.3258451365975346
10.5	1	1.2583167321562938
10.625	1	1.1923161998607061
10.75	1	1.1192779898630312
10.875	1	1.0449686526822208
11.	1	0.9751803864252854
11.125	1	0.9047342494512858
11.25	1	0.8331702827045647
11.375	1	0.7699714818834307
11.5	1	0.7101799684548181
11.625	1	0.6543397277605031
11.75	1	0.6032895759489983
11.875	1	0.5629985075148213
12.	1	0.5277831306742694
12.125	1	0.49867570060952765
12.25	1	0.4809186128629085
12.375	1	0.469405693418581
12.5	1	0.4659111436299926
12.625	1	0.47224862506846144
12.75	1	0.4872406657900267
12.875	1	0.5073786928999516
13.	1	0.5395991708217488
13.125	1	0.5767772647112283
13.25	1	0.6172841414185302
13.375	1	0.6670219055471449
13.5	1	0.716006988824004
13.625	1	0.7729518364443391
13.75	1	0.8316650677076488
13.875	1	0.8953552120720429
14.	1	0.9561723862993693
14.125	1	1.0177937715149297
14.25	1	1.079629031075959
14.375	1	1.1358440521662696
14.5	1	1.1914583243193477
14.625	1	1.2455424216941444
14.75	1	1.293702551607491
14.875	1	1.3337778854143254
15.	1	1.3718138187396973
15.125	1	1.4022676141331676
15.25	1	1.4245129915914345
15.375	1	1.441256795159202
15.5	1	1.45300233270824
15.625	1	1.4545770092842287
15.75	1	1.4493988208854427
15.875	1	1.438152812652808
16.	1	1.420029462222183
16.125	1	1.3951734981605821
16.25	1	1.3652145946017695
16.375	1	1.3306863093543444
16.5	1	1.2904001483264436
16.625	1	1.244145975319602
16.75	1	1.1971763686453112
16.875	1	1.147705063189375
17.	1	1.0952971471304396
17.125	1	1.0430047450110622
17.25	1	0.9897139471379277
17.375	1	0.9367050140160031
17.5	1	0.8863451322446572
17.625	1	0.8379837908097624
17.75	1	0.7934992535546426
17.875	1	0.7508062219032382
18.	1	0.7148362864836649
18.125	1	0.6830973424923613
18.25	1	0.6568739647112499
18.375	1	0.6366984295496273
18.5	1	0.621815780138865
18.625	1	0.6137675512638527
18.75	1	0.6105872806693619
18.875	1	0.6143768197055071
19.	1	0.6246251393111573
19.125	1	0.6413264082113744
19.25	1	0.6590457733202484
19.375	1	0.6848567643854448
19.5	1	0.7182126513924613
19.625	1	0.7523645744533878
19.75	1	0.7890276696201203
19.875	1	0.8309786352451155
20.	1	0.8720480477663235
20.125	1	0.9158353970816532
20.25	1	0.9629905743679973
20.375	1	1.0080180642208705
20.5	1	1.0513338042063436
20.625	1	1.0937204676796302
20.75	1	1.1372475914554891
20.875	1	1.173650621713231
21.	1	1.2079345987586787
21.125	1	1.2415355830274903
21.25	1	1.2687801941306722
21.375	1	1.2917146387952518
21.5	1	1.307349532763949
21.625	1	1.3233119850529047
21.75	1	1.3304596696768518
21.875	1	1.3316431281955974
22.	1	1.3311654204653118
22.125	1	1.3237299758536623
22.25	1	1.3094495313787828
22.375	1	1.291120129981396
22.5	1	1.268813446316554
22.625	1	1.242850222487193
22.75	1	1.2143443489538859
22.875	1	1.1808379551537698
23.	1	1.1480698184374
23.125	1	1.113407127606254
23.25	1	1.0731987507503098
23.375	1	1.0340187707976118
23.5	1	0.9954721385613159
23.625	1	0.9595434916514002
23.75	1	0.9237169446905689
23.875	1	0.8868525624793733
24.	1	0.8537510670221641
24.125	1	0.8228919523814145
24.25	1	0.7965573770393117
24.375	1	0.7734510257872766
24.5	1	0.75212185319113
24.625	1	0.738330196183018
24.75	1	0.7253423109664908
24.875	1	0.7191981747831395
25.	1	0.714959558114565
25.125	1	0.7196461122101827
25.25	1	0.7236281770562336
25.375	1	0.7349363898991006
25.5	1	0.7497814752508828
25.625	1	0.7676026395073006
25.75	1	0.788023023316232
25.875	1	0.8145770877038436
26.	1	0.840792600670001
26.125	1	0.8729679096568858
26.25	1	0.9014979741605211
26.375	1	0.9331915694248486
26.5	1	0.9666851525110555
26.625	1	1.0022702754446626
26.75	1	1.031285799042465
26.875	1	1.0630567135675442
27.	1	1.0934462083517913
27.125	1	1.1230023769479882
27.25	1	1.1480202395734929
27.375	1	1.1721657230638398
27.5	1	1.194599552415955
27.625	1	1.2103556603929917
27.75	1	1.2226151294170555
27.875	1	1.2351502364952525
28.	1	1.2408227940558167
28.125	1	1.2431636101355346
28.25	1	1.240871774817609
28.375	1	1.2364202712409629
28.5	1	1.2274195154638736
28.625	1	1.214061796671941
28.75	1	1.1976801486275814
28.875	1	1.1819904249865303
29.	1	1.1605639650932689
29.125	1	1.134819737104394
29.25	1	1.1100037617250604
29.375	1	1.083659671949968
29.5	1	1.0582052733795162
29.625	1	1.0291664113480938
29.75	1	1.0003491951629875
29.875	1	0.9738078937280762
30.	1	0.9469643621726771
30.125	1	0.9213764356959374
30.25	1	0.8964538801576729
30.375	1	0.8727894478513039
30.5	1	0.8553627135971833
30.625	1	0.8352875271195835
30.75	1	0.8199253800756067
30.875	1	0.8110001538301173
31.	1	0.7998877070167909
31.125	1	0.7957832438612514
31.25	1	0.7928203894894894
31.375	1	0.7944583615967054
31.5	1	0.7976873652811515
31.625	1	0.8037038134305546
31.75	1	0.8138600909641649
31.875	1	0.8293631985888497
32.	1	0.8448692797720172
32.125	1	0.8613780431556991
32.25	1	0.8812430356065479
32.375	1	0.902971531272677
32.5	1	0.9274833675137498
32.625	1	0.9503323092705773
32.75	1	0.9719363679177216
32.875	1	0.9958036027857088
33.	1	1.0195683093733308
33.125	1	1.0459568165446478
33.25	1	1.0673919505151797
33.375	1	1.0880394186531008
33.5	1	1.104655535383262
33.625	1	1.1250466196829974
33.75	1	1.1388215492314635
33.875	1	1.1515465953986261
34.	1	1.160680735682702
34.125	1	1.1715739904289721
34.25	1	1.174232840270596
34.375	1	1.1755583327200854
34.5	1	1.1758145810174292
34.625	1	1.1734183615380314
34.75	1	1.1679164596337237
34.875	1	1.1570353759788996
35.	1	1.1475210812589767
35.125	1	1.1349343458773984
35.25	1	1.120517247872171
35.375	1	1.1036595451051128
35.5	1	1.082694974519539
35.625	1	1.0646296416377334
35.75	1	1.0465304301027716
35.875	1	1.0251380152337073
36.	1	1.0045687750346326
36.125	1	0.9832240255652078
36.25	1	0.96318311600641
36.375	1	0.9434118266235233
36.5	1	0.9248385811639245
36.625	1	0.9107210785671458
36.75	1	0.893394629311974
36.875	1	0.882810141002512
37.	1	0.8727823995838704
37.125	1	0.8606910154755748
37.25	1	0.8542285062434842
37.375	1	0.8507658917400818
37.5	1	0.8477756618314521
37.625	1	0.8492705713262809
37.75	1	0.8509361592798274
37.875	1	0.8573064593372146
38.	1	0.8649383506269377
38.125	1	0.8717111639467446
38.25	1	0.8864689739327059
38.375	1	0.8988446001131736
38.5	1	0.9114197993477257
38.625	1	0.927598090387921
38.75	1	0.9433929732706944
38.875	1	0.9597208505168743
39.	1	0.978909421896836
39.125	1	0.9963612452870437
39.25	1	1.0131101116654453
39.375	1	1.0288118598715512
39.5	1	1.046645707051348
39.625	1	1.0613128242193643
39.75	1	1.0756694407471974
39.875	1	1.0899464753207304
40.	1	1.099813305357653
40.125	1	1.1107274612065474
40.25	1	1.1185781555992251
40.375	1	1.121398609735274
40.5	1	1.1259158363955297
40.625	1	1.1292136581825027
40.75	1	1.1270189917976778
40.875	1	1.1251419312496613
41.	1	1.1238008037561131
41.125	1	1.115554776672799
41.25	1	1.1074225312494739
41.375	1	1.0982714085362912
41.5	1	1.08699449816487
41.625	1	1.077226425551755
41.75	1	1.063391197007066
41.875	1	1.0486555504857702
42.	1	1.0357266726367278
42.125	1	1.0190435136763691
42.25	1	1.0056883445466651
42.375	1	0.9914214117772814
42.5	1	0.9773690303934007
42.625	1	0.9632071868431348
42.75	1	0.9480200575443894
42.875	1	0.9349708812851408
43.	1	0.9241762637198985
43.125	1	0.9142718593574498
43.25	1	0.9071694346754868
43.375	1	0.8995543656526003
43.5	1	0.8961033954477938
43.625	1	0.8928086057325352
43.75	1	0.8903847275908846
43.875	1	0.8904696713854764
44.	1	0.8900204009648797
44.125	1	0.8939483660751554
44.25	1	0.8994060766989891
44.375	1	0.9070443730805
44.5	1	0.9136357618967507
44.625	1	0.9220639080286558
44.75	1	0.9358836088960627
44.875	1	0.9471491986056967
45.	1	0.9575923087030441
45.125	1	0.9689969766047148
45.25	1	0.981852035918599
45.375	1	0.9955737805284938
45.5	1	1.0077329548652734
45.625	1	1.0187907964112046
45.75	1	1.0336478186093192
45.875	1	1.0445192168253932
46.	1	1.0537884391962544
46.125	1	1.0628847775082122
46.25	1	1.0714793077164495
46.375	1	1.0796503776641133
46.5	1	1.0856954502992726
46.625	1	1.0884222500222351
46.75	1	1.0909506254039876
46.875	1	1.0928174542607672
47.	1	1.0934707101041117
47.125	1	1.0942955655497797
47.25	1	1.0890401187508745
47.375	1	1.0843941852292749
47.5	1	1.0817586762791744
47.625	1	1.0728667267899046
47.75	1	1.0661901675847008
47.875	1	1.058783849699181
48.	1	1.0454741040316928
48.125	1	1.038245854412367
48.25	1	1.0254854985444823
48.375	1	1.01751104794349
48.5	1	1.003292939912853
48.625	1	0.9943898964234619
48.75	1	0.9842620096573871
48.875	1	0.9728943962081509
49.	1	0.9617369825675051
49.125	1	0.9551352971608452
49.25	1	0.9472477113147344
49.375	1	0.9381508208998396
49.5	1	0.9340126583479254
49.625	1	0.9260037549267951
49.75	1	0.9235952894317223
49.875	1	0.9193671510644494
50.	1	0.9200281375041409
50.125	1	0.919364454762588
50.25	1	0.9203656740365757
50.375	1	0.9230355018437348
50.5	1	0.9286688373579446
50.625	1	0.930805471608158
50.75	1	0.9357323899338111
50.875	1	0.9434987173430668
51.	1	0.9499931134583736
51.125	1	0.9574952165774911
51.25	1	0.9662568892581568
51.375	1	0.9755967872957825
51.5	1	0.9862002678529699
51.625	1	0.9959369649873957
51.75	1	1.0030546846643285
51.875	1	1.014008604411201
52.	1	1.021192319529081
52.125	1	1.0292043996475184
52.25	1	1.0377181785396932
52.375	1	1.0435855610226685
52.5	1	1.0501092955307876
52.625	1	1.0567631190728985
52.75	1	1.0596713559772248
52.875	1	1.065617121035941
53.	1	1.0672377597715645
53.125	1	1.069312100004777
53.25	1	1.068085225256314
53.375	1	1.0686213548824575
53.5	1	1.066550235176656
53.625	1	1.0632913516182858
53.75	1	1.0586994362555946
53.875	1	1.0524005982353763
54.	1	1.0487717067088462
54.125	1	1.0439233906237504
54.25	1	1.034857436929527
54.375	1	1.0289910877315946
54.5	1	1.021299045934474
54.625	1	1.0143038735823307
54.75	1	1.0034430768907208
54.875	1	0.9981956440321864
55.	1	0.9903444054483082
55.125	1	0.9810528271671365
55.25	1	0.9737613726871992
55.375	1	0.9696090886525938
55.5	1	0.960795570021466
55.625	1	0.9552937972712626
55.75	1	0.9501890894578702
55.875	1	0.9493552430146603
56.	1	0.9457245932060647
56.125	1	0.9413798701033608
56.25	1	0.9426842082777747
56.375	1	0.940803311543545
56.5	1	0.9422354840456771
56.625	1	0.9442907076314665
56.75	1	0.9452096258751052
56.875	1	0.9500714308148364
57.	1	0.9525751149175585
57.125	1	0.9600793127416521
57.25	1	0.9642899138583941
57.375	1	0.9674129819802092
57.5	1	0.9736428857294248
57.625	1	0.9816259930106882
57.75	1	0.9884091079303495
57.875	1	0.9959340911146598
58.	1	1.0027759601395734
58.125	1	1.0096692573556905
58.25	1	1.0153512416223593
58.375	1	1.0205646806423323
58.5	1	1.0287624274578524
58.625	1	1.0314002288475128
58.75	1	1.0360278215298921
58.875	1	1.0429745653874123
59.	1	1.042433281880397
59.125	1	1.0473420542150134
59.25	1	1.0494676117937176
59.375	1	1.0485042225534618
59.5	1	1.0502034034818188
59.625	1	1.0486089120461621
59.75	1	1.0463915486380229
59.875	1	1.048172134223594
60.	1	1.045296488186663
60.125	1	1.0397652071389887
60.25	1	1.0371872766503194
60.375	1	1.032929670307957
60.5	1	1.026516884210936
60.625	1	1.0205780320510367
60.75	1	1.0159350958103692
60.875	1	1.009253911801326
61.	1	1.0058964992997212
61.125	1	0.9966456650251656
61.25	1	0.9914004094163547
61.375	1	0.9879741839203632
61.5	1	0.9828548294653039
61.625	1	0.978493312391651
61.75	1	0.9729496194599591
61.875	1	0.9685510103356031
62.	1	0.9635670565033901
62.125	1	0.9612407909122476
62.25	1	0.9620030339577236
62.375	1	0.9565858588819395
62.5	1	0.9587251134808944
62.625	1	0.9566140561779012
62.75	1	0.9566340060227438
62.875	1	0.9594041120000729
63.	1	0.9619765937188532
63.125	1	0.9615143586755868
63.25	1	0.9643007090741423
63.375	1	0.9677317692436722
63.5	1	0.9737310134492635
63.625	1	0.9760290320204957
63.75	1	0.9804241684792888
63.875	1	0.9857509372351319
64.	1	0.9920984378811455
64.125	1	0.9947761242077776
64.25	1	1.0000448430072733
64.375	1	1.0070884489090952
64.5	1	1.0096760361721433
64.625	1	1.0167537197919683
64.75	1	1.019763746545292
64.875	1	1.0225441627355527
65.	1	1.0253465467051193
65.125	1	1.0302948486155286
65.25	1	1.0304388302590772
65.375	1	1.0337468836185648
65.5	1	1.036018701869539
65.625	1	1.037159036903822
65.75	1	1.0376129076014013
65.875	1	1.0345576093110307
66.	1	1.035744650765007
66.125	1	1.0324080747903546
66.25	1	1.0320086583617927
66.375	1	1.0296330435760515
66.5	1	1.027395085633573
66.625	1	1.0239349251633034
66.75	1	1.0213869369930848
66.875	1	1.0159864734861606
67.	1	1.0135528159436191
67.125	1	1.0089017145352073
67.25	1	1.0036585861408642
67.375	1	0.9995000793340997
67.5	1	0.9957628860040176
67.625	1	0.991584546426441
67.75	1	0.9877875490393206
67.875	1	0.9857553951471056
68.	1	0.9817339632783175
68.125	1	0.9783443868899142
68.25	1	0.9761076908877887
68.375	1	0.9726099125107613
68.5	1	0.9717604383338042
68.625	1	0.9692744451582268
68.75	1	0.9688793477628059
68.875	1	0.9682386991529304
69.	1	0.9675978082635661
69.125	1	0.9715005334640034
69.25	1	0.9726359208805768
69.375	1	0.9741977441214956
69.5	1	0.9735020734388943
69.625	1	0.9754341172291381
69.75	1	0.9801119931245761
69.875	1	0.9827647451807777
70.	1	0.9877629852711645
70.125	1	0.9903833748056438
70.25	1	0.9928815428201605
70.375	1	0.9969771129183419
70.5	1	1.0012000824544804
70.625	1	1.0024847679197937
70.75	1	1.0086882466026534
70.875	1	1.0115292625385508
71.	1	1.0121498285959756
71.125	1	1.0169285063343207
71.25	1	1.019928676851746
71.375	1	1.0206489181867786
71.5	1	1.0214805198390025
71.625	1	1.0237938347083302
71.75	1	1.0266286278683663
71.875	1	1.0273855681772648
72.	1	1.024837450818499
72.125	1	1.026569924747624
72.25	1	1.026546130976586
72.375	1	1.0266864986584967
72.5	1	1.0218908890488896
72.625	1	1.0234658389371303
72.75	1	1.020902506606315
72.875	1	1.0169388146058014
73.	1	1.014914786310779
73.125	1	1.0113431427698587
73.25	1	1.0078024027760892
73.375	1	1.007662540857988
73.5	1	1.0031569812354477
73.625	1	1.0020085065613347
73.75	1	0.9978417863403816
73.875	1	0.993261920190873
74.	1	0.9895287435761861
74.125	1	0.9892341106927318
74.25	1	0.9842490980039453
74.375	1	0.9819300846194555
74.5	1	0.9822895246311799
74.625	1	0.9798016215271733
74.75	1	0.9806148957043623
74.875	1	0.9778215005043198
75.	1	0.9769070583613965
75.125	1	0.9757479593792048
75.25	1	0.976358948542965
75.375	1	0.9775812654212772
75.5	1	0.9766552025148688
75.625	1	0.9807328450666485
75.75	1	0.9800892655889406
75.875	1	0.9831814010271824
76.	1	0.9854678963118796
76.125	1	0.9883667180163362
76.25	1	0.9904329807852472
76.375	1	0.9911988739545827
76.5	1	0.9934832106143341
76.625	1	0.9976239594991893
76.75	1	0.9982908866154117
76.875	1	1.0020997133937959
77.	1	1.0066536941770081
77.125	1	1.0088445179834973
77.25	1	1.0100363935370997
77.375	1	1.0108608766138394
77.5	1	1.0147140706562952
77.625	1	1.0143879958260484
77.75	1	1.0150843169596997
77.875	1	1.0185454025216911
78.	1	1.017288172848257
78.125	1	1.0194431913357094
78.25	1	1.01848353654562
78.375	1	1.0212931912741896
78.5	1	1.0195058115621325
78.625	1	1.0199414822847381
78.75	1	1.0168753088168425
78.875	1	1.0163694860298755
79.	1	1.0130932276673394
79.125	1	1.0127492387976758
79.25	1	1.0131687993789162
79.375	1	1.010283207596399
79.5	1	1.0074825297630452
79.625	1	1.0066507294714986
79.75	1	1.001706978697765
79.875	1	0.9991785485916209
80.	1	0.9968122213053515
80.125	1	0.9962297339572311
80.25	1	0.9920685586079655
80.375	1	0.9901265337037647
80.5	1	0.9883238489023017
80.625	1	0.9898083689951739
80.75	1	0.9869922771301938
80.875	1	0.9845612306427373
81.	1	0.9850603710868674
81.125	1	0.9852336039933463
81.25	1	0.9851620039789079
81.375	1	0.9817483920080688
81.5	1	0.9841454307187326
81.625	1	0.9855148072532417
81.75	1	0.9842120809991401
81.875	1	0.9868150994940246
82.	1	0.987808770028677
82.125	1	0.9865000818092382
82.25	1	0.9890330995438227
82.375	1	0.9887658250786157
82.5	1	0.9915614649400394
82.625	1	0.9922169154643263
82.75	1	0.99766337063041
82.875	1	0.9970802973385966
83.	1	0.9987901910367613
83.125	1	1.0030974129473833
83.25	1	1.0026028116070205
83.375	1	1.0058181688184566
83.5	1	1.0069024011432341
83.625	1	1.0093345512069927
83.75	1	1.0104263269859775
83.875	1	1.0101661789067595
84.	1	1.0104130563203257
84.125	1	1.012935235792381
84.25	1	1.0143147678358384
84.375	1	1.0135866131747278
84.5	1	1.0126674966694482
84.625	1	1.0123009535496925
84.75	1	1.0130950693278624
84.875	1	1.0140169802965309
85.	1	1.014621956520827
85.125	1	1.0112333640491464
85.25	1	1.0122273764173306
85.375	1	1.0097538624453009
85.5	1	1.0096583030129818
85.625	1	1.006051689137756
85.75	1	1.0057748981647276
85.875	1	1.005212624588706
86.	1	1.003478278152723
86.125	1	0.9987127480418431
86.25	1	1.000290778026484
86.375	1	0.9981638778355192
86.5	1	0.9953543191277252
86.625	1	0.9955007136011312
86.75	1	0.9935017536864338
86.875	1	0.9904904255500633
87.	1	0.9888331092303018
87.125	1	0.9909646717343893
87.25	1	0.9883152727844653
87.375	1	0.9896858034152826
87.5	1	0.9869849709975594
87.625	1	0.9865870450484377
87.75	1	0.9896878554283064
87.875	1	0.9861925074019062
88.	1	0.9885599518889077
88.125	1	0.9904131623410565
88.25	1	0.9895430378384655
88.375	1	0.9920776762641811
88.5	1	0.9934859097234612
88.625	1	0.9907922455176806
88.75	1	0.9948738855992398
88.875	1	0.9935683317737667
89.	1	0.9982209759612847
89.125	1	0.9969361443384127
89.25	1	1.0005616420199526
89.375	1	1.0020616728562548
89.5	1	1.0004309760488168
89.625	1	1.0026672353053225
89.75	1	1.0065531279757924
89.875	1	1.0051293646310078
90.	1	1.00795348872214
90.125	1	1.007564597931359
90.25	1	1.0071019991529506
90.375	1	1.009158967901793
90.5	1	1.0112496151282222
90.625	1	1.0105851995192814
90.75	1	1.0110190846142424
90.875	1	1.0097710559138466
91.	1	1.0097782092628882
91.125	1	1.0114421653456367
91.25	1	1.009507406386156
91.375	1	1.0069757351492798
91.5	1	1.0094869329680052
91.625	1	1.008630714106625
91.75	1	1.007867723902102
91.875	1	1.003539663494787
92.	1	1.0027615859894956
92.125	1	1.003006827940205
92.25	1	1.0033284003926228
92.375	1	1.0006641864992394
92.5	1	0.9981435458002477
92.625	1	0.9970557656397041
92.75	1	0.997510920219364
92.875	1	0.9973534898345091
93.	1	0.995541997334716
93.125	1	0.9930720642168174
93.25	1	0.9928086961269333
93.375	1	0.9927495038462211
93.5	1	0.9930099207447985
93.625	1	0.9900944691195576
93.75	1	0.9909251567144877
93.875	1	0.9919617034973408
94.	1	0.9915320232867396
94.125	1	0.9912004976313005
94.25	1	0.9911894470981678
94.375	1	0.9912628338603341
94.5	1	0.991679440844471
94.625	1	0.9944635478308465
94.75	1	0.993813612335062
94.875	1	0.9943860110540922
95.	1	0.9972852968379119
95.125	1	0.9978099948577205
95.25	1	0.9969774896224533
95.375	1	0.9972049117839791
95.5	1	0.9998151942194674
95.625	1	1.0003820723353274
95.75	1	1.0015502158598015
95.875	1	1.002071811049131
96.	1	1.003527326285678
96.125	1	1.004502684048798
96.25	1	1.0051514029991726
96.375	1	1.0041214661478748
96.5	1	1.0078915513296705
96.625	1	1.0067725846167206
96.75	1	1.0060441844020742
96.875	1	1.006634748962848
97.	1	1.0058104489009678
97.125	1	1.0073104891773712
97.25	1	1.008522990133312
97.375	1	1.0074144835637033
97.5	1	1.005850278099686
97.625	1	1.005508655517239
97.75	1	1.006874168557705
97.875	1	1.006679000280924
98.	1	1.0053432782494978
98.125	1	1.0048099720662629
98.25	1	1.0021282948022094
98.375	1	1.0028434410965112
98.5	1	0.99971255634902
98.625	1	0.9992004641384249
98.75	1	1.0015143099488297
98.875	1	1.0002742076362958
99.	1	0.9971778284445988
99.125	1	0.9962399487855967
99.25	1	0.9950217034059167
99.375	1	0.9961291056374706
99.5	1	0.9940865681372925
99.625	1	0.9949390945526544
99.75	1	0.9949273831984603
99.875	1	0.9952630003371135
100.	0	0.9919740356329307
100.125	0	0.9792906255211966
100.25	0	0.9486823983364542
100.375	0	0.9029514986298153
100.5	0	0.8420626082899265
100.625	0	0.7703326343728677
100.75	0	0.6892626176503595
100.875	0	0.5972197354014337
101.	0	0.4972454719049974
101.125	0	0.3916118439207575
101.25	0	0.280371769000492
101.375	0	0.16362714103799245
101.5	0	0.04712275579845131
101.625	0	-0.06818277802993404
101.75	0	-0.17852881276526136
101.875	0	-0.2870629411071227
102.	0	-0.3879747756748259
102.125	0	-0.4838737035620426
102.25	0	-0.5723810647975395
102.375	0	-0.6480486646912667
102.5	0	-0.7122039911159843
102.625	0	-0.7653514413214476
102.75	0	-0.8054045722323254
102.875	0	-0.8354286757898313
103.	0	-0.8486928072112483
103.125	0	-0.8502616145649914
103.25	0	-0.838148811526805
103.375	0	-0.8106774495251763
103.5	0	-0.77357548501889
103.625	0	-0.7256742934818301
103.75	0	-0.6621915223836996
103.875	0	-0.5942451458316828
104.	0	-0.5139583391020616
104.125	0	-0.4287872767929089
104.25	0	-0.3393995116967137
104.375	0	-0.2464932005179693
104.5	0	-0.1457662878465133
104.625	0	-0.05005218487738013
104.75	0	0.0495469139151122
104.875	0	0.14795891405048253
105.	0	0.23850137758901307
105.125	0	0.32764921248221474
105.25	0	0.4076422815409492
105.375	0	0.48431217371512236
105.5	0	0.5481129982630345
105.625	0	0.6036263949108912
105.75	0	0.6501994063984117
105.875	0	0.685172252835523
106.	0	0.7132371550953165
106.125	0	0.7256552964864729
106.25	0	0.7251974065195175
106.375	0	0.7170147485682778
106.5	0	0.6956163471342341
106.625	0	0.6620931418599674
106.75	0	0.6233555566955851
106.875	0	0.5714913512636698
107.	0	0.5131503887495708
107.125	0	0.4468425556355581
107.25	0	0.37317944316267143
107.375	0	0.294428279247376
107.5	0	0.2154582279917048
107.625	0	0.13239050551979387
107.75	0	0.04520389804658285
107.875	0	-0.03658985834354821
108.	0	-0.1178495821329692
108.125	0	-0.19917373654784576
108.25	0	-0.27392174599497904
108.375	0	-0.3449371982248606
108.5	0	-0.4074587324506268
108.625	0	-0.46646065796725644
108.75	0	-0.5151719062984013
108.875	0	-0.5555516011228671
109.	0	-0.586636216299956
109.125	0	-0.6050252503572483
109.25	0	-0.6199006573097887
109.375	0	-0.6204069820724856
109.5	0	-0.6121130123404191
109.625	0	-0.5964712734726367
109.75	0	-0.567792652483813
109.875	0	-0.5344520027304557
110.	0	-0.48985511717182606
110.125	0	-0.44081843911666496
110.25	0	-0.38289112679719467
110.375	0	-0.32414679260824547
110.5	0	-0.2586453438938184
110.625	0	-0.18814512819900792
110.75	0	-0.1178929577246287
110.875	0	-0.047042510948071894
111.	0	0.026818273565303023
111.125	0	0.09580197326938122
111.25	0	0.16504237430622887
111.375	0	0.2284087661176405
111.5	0	0.291464123886937
111.625	0	0.34372798803060245
111.75	0	0.3924447898674707
111.875	0	0.43822260185842343
112.	0	0.4730149390178451
112.125	0	0.49732122961648567
112.25	0	0.5152032147428315
112.375	0	0.5278881382088196
112.5	0	0.5308215284842749
112.625	0	0.5222511828318969
112.75	0	0.5096464569348933
112.875	0	0.48916055249445817
113.	0	0.45791619399119987
113.125	0	0.4233582239748196
113.25	0	0.38090395325328996
113.375	0	0.33067442098842154
113.5	0	0.27806485811659964
113.625	0	0.22287818004000082
113.75	0	0.16447588221543008
113.875	0	0.10407119438522687
114.	0	0.044464968101734365
114.125	0	-0.01890570230434256
114.25	0	-0.07966637395638519
114.375	0	-0.1386501330767643
114.5	0	-0.19099209929596414
114.625	0	-0.24495581871702296
114.75	0	-0.2915993523785962
114.875	0	-0.3330598438359077
115.	0	-0.37077866815456867
115.125	0	-0.3997804857130478
115.25	0	-0.42500851360855596
115.375	0	-0.4422231097056533
115.5	0	-0.44910463391995337
115.625	0	-0.45436864003338595
115.75	0	-0.44703405374866084
115.875	0	-0.43529633586686334
116.	0	-0.4169345694575285
116.125	0	-0.3913329009124447
116.25	0	-0.36110316422593564
116.375	0	-0.3261950305373916
116.5	0	-0.2855930916099803
116.625	0	-0.24312859280944646
116.75	0	-0.19415363269172933
116.875	0	-0.14576187610272584
117.	0	-0.09263452639402318
117.125	0	-0.041451493802810574
117.25	0	0.010541871331461915
117.375	0	0.06582858039613687
117.5	0	0.11339275383144301
117.625	0	0.16100030279801453
117.75	0	0.20723937891183455
117.875	0	0.24485625859029694
118.	0	0.2829692106769001
118.125	0	0.31497452398940645
118.25	0	0.34080096211621347
118.375	0	0.3601376862343516
118.5	0	0.3755005527718921
118.625	0	0.38461777433053485
118.75	0	0.387519225010776
118.875	0	0.3838142149023605
119.	0	0.37396038976598506
119.125	0	0.3564641539410711
119.25	0	0.3393491760495559
119.375	0	0.3099864349130835
119.5	0	0.2815178459005554
119.625	0	0.24680411171651714
119.75	0	0.21096230221529996
119.875	0	0.16989373727793455
120.	0	0.12646559632686402
120.125	0	0.08056223384460302
120.25	0	0.03805239591776877
120.375	0	-0.005799465853300052
120.5	0	-0.05260496441769603
120.625	0	-0.09569797032949835
120.75	0	-0.13529047465242236
120.875	0	-0.17491531284767994
121.	0	-0.21006163771664235
121.125	0	-0.23957923641085896
121.25	0	-0.26840784304082854
121.375	0	-0.2886635775805474
121.5	0	-0.30740299455465747
121.625	0	-0.3199579050026425
121.75	0	-0.3264096473869263
121.875	0	-0.33195674829955235
122.	0	-0.32648113474497653
122.125	0	-0.31828253884576635
122.25	0	-0.30762111135181075
122.375	0	-0.2887616255426905
122.5	0	-0.2677083226727777
122.625	0	-0.24398492446521508
122.75	0	-0.21479178069873447
122.875	0	-0.17991546573765405
123.	0	-0.1475300862637373
123.125	0	-0.11141453506106566
123.25	0	-0.07375495491352213
123.375	0	-0.03449783293823462
123.5	0	0.0017258667053311949
123.625	0	0.04172515147001012
123.75	0	0.07679535556020216
123.875	0	0.112649201072693
124.	0	0.14744988837801112
124.125	0	0.17780358971948873
124.25	0	0.20322242307043062
124.375	0	0.22469959682152627
124.5	0	0.2456344252415181
124.625	0	0.2629216941191457
124.75	0	0.27409052792067373
124.875	0	0.27876999878673947
125.	0	0.2838544316861404
125.125	0	0.27865731769073804
125.25	0	0.2736256665541024
125.375	0	0.26479336348364635
125.5	0	0.24967112180229523
125.625	0	0.23034506233431915
125.75	0	0.2091385456336307
125.875	0	0.1831747908082279
126.	0	0.15711228195129884
126.125	0	0.1286905468875753
126.25	0	0.09730350162736548
126.375	0	0.06569266876952748
126.5	0	0.031820021222072885
126.625	0	-0.001472085037693643
126.75	0	-0.03448149508734075
126.875	0	-0.06624954524049849
127.	0	-0.09370778379691182
127.125	0	-0.12446723188762798
127.25	0	-0.14856614748625765
127.375	0	-0.17159326347817266
127.5	0	-0.19364338602388403
127.625	0	-0.20893445539921454
127.75	0	-0.22420702764917716
127.875	0	-0.2335169032208442
128.	0	-0.23834997743130837
128.125	0	-0.2395442625072059
128.25	0	-0.23820062409091639
128.375	0	-0.23276721124804853
128.5	0	-0.2269311330507444
128.625	0	-0.2139500147679112
128.75	0	-0.1991440578257549
128.875	0	-0.17773700792034486
129.	0	-0.1580294941095767
129.125	0	-0.1369420218446574
129.25	0	-0.11106424897436251
129.375	0	-0.0827504623895546
129.5	0	-0.05798080170610545
129.625	0	-0.029675671173015672
129.75	0	0.0005507560541763382
129.875	0	0.02741727999700316
130.	0	0.053376629378935836
130.125	0	0.07769790345945175
130.25	0	0.10381505587815379
130.375	0	0.12573992695340896
130.5	0	0.14710657052271348
130.625	0	0.16134849373485147
130.75	0	0.17641482196815159
130.875	0	0.18748183546615008
131.	0	0.1979296915302851
131.125	0	0.20355949069623527
131.25	0	0.20454278836133544
131.375	0	0.2062611547058809
131.5	0	0.1995007038757075
131.625	0	0.19326550240758503
131.75	0	0.18342076828710052
131.875	0	0.17134546031110498
132.	0	0.1550343379067037
132.125	0	0.13558784414431999
132.25	0	0.11731681512046452
132.375	0	0.09470003021461366
132.5	0	0.0719088096269127
132.625	0	0.04863004215176918
132.75	0	0.027926812670664592
132.875	0	0.00314152616601425
133.	0	-0.01991410089321109
133.125	0	-0.044181917569403206
133.25	0	-0.06804125907681662
133.375	0	-0.08830623313442726
133.5	0	-0.10441507177046346
133.625	0	-0.12507514713812307
133.75	0	-0.13713000654737914
133.875	0	-0.15147516511379486
134.	0	-0.16077756377835797
134.125	0	-0.1668170843486348
134.25	0	-0.17457260739941807
134.375	0	-0.17528599231377132
134.5	0	-0.174556869892168
134.625	0	-0.17064051469139138
134.75	0	-0.1666664758797711
134.875	0	-0.15635902450013894
135.	0	-0.14433509341812015
135.125	0	-0.1316984856183107
135.25	0	-0.11594174019185555
135.375	0	-0.1004755384003295
135.5	0	-0.08327098387309739
135.625	0	-0.06445851400199959
135.75	0	-0.045984686376340865
135.875	0	-0.0249807100365723
136.	0	-0.0028090970300580155
136.125	0	0.014983263421063691
136.25	0	0.036696050002622424
136.375	0	0.05711703135926037
136.5	0	0.07214593740036161
136.625	0	0.08967896556374165
136.75	0	0.10519777405040731
136.875	0	0.11678651327709329
137.	0	0.12739791111270313
137.125	0	0.13525660569947606
137.25	0	0.1427408727562487
137.375	0	0.14770337394079022
137.5	0	0.1481970012272534
137.625	0	0.14791098418792642
137.75	0	0.14660875850483063
137.875	0	0.1411079487154789
138.	0	0.13399718349521914
138.125	0	0.1270601502481633
138.25	0	0.11510525366572108
138.375	0	0.10250877762587778
138.5	0	0.08939389805817718
138.625	0	0.07133524427105642
138.75	0	0.05721926266772878
138.875	0	0.03795577727409566
139.	0	0.02080823696130146
139.125	0	0.00548561435196912
139.25	0	-0.014568268583148117
139.375	0	-0.029213602431307686
139.5	0	-0.04460059354960109
139.625	0	-0.061454358561953346
139.75	0	-0.07537154615770922
139.875	0	-0.08718174622175502
140.	0	-0.09890353005206115
140.125	0	-0.11091996329124758
140.25	0	-0.11862530243369597
140.375	0	-0.12300070330362976
140.5	0	-0.12596734778079163
140.625	0	-0.12804209349130483
140.75	0	-0.12605908415370237
140.875	0	-0.1251781669474801
141.	0	-0.12050094282892145
141.125	0	-0.11581749936846625
141.25	0	-0.10868660120062523
141.375	0	-0.09838993530113214
141.5	0	-0.08616877505033081
141.625	0	-0.07558194207996421
141.75	0	-0.06258929419589007
141.875	0	-0.04761413583953605
142.	0	-0.0338851860724144
142.125	0	-0.01855413746384638
142.25	0	-0.005901041212577212
142.375	0	0.012028679474769339
142.5	0	0.02333627198887916
142.625	0	0.03796708624557853
142.75	0	0.051395658575376875
142.875	0	0.06353000418788866
143.	0	0.07533309788445298
143.125	0	0.08345558888032167
143.25	0	0.0921323961807475
143.375	0	0.0981814326678613
143.5	0	0.10295168173760429
143.625	0	0.10798827488789241
143.75	0	0.10805793022120971
143.875	0	0.11042116492300301
144.	0	0.10578429688746804
144.125	0	0.10427885925177921
144.25	0	0.0978345857923075
144.375	0	0.09147021221845555
144.5	0	0.08539496760391316
144.625	0	0.07479984471197221
144.75	0	0.06453930245571683
144.875	0	0.05534530323247075
145.	0	0.04114769091737543
145.125	0	0.03217695424417352
145.25	0	0.019386904549563003
145.375	0	0.004005721888093798
145.5	0	-0.008151307929802856
145.625	0	-0.021340441490280457
145.75	0	-0.030266902236984635
145.875	0	-0.04422657943824174
146.	0	-0.05293429767428309
146.125	0	-0.06393809590693894
146.25	0	-0.07334109903908395
146.375	0	-0.0787168871333537
146.5	0	-0.0837650317251497
146.625	0	-0.09057949319664244
146.75	0	-0.0921203945031111
146.875	0	-0.09379286882856798
147.	0	-0.09287227805078165
147.125	0	-0.09077757745467621
147.25	0	-0.0898533858440982
147.375	0	-0.08333368331545116
147.5	0	-0.0791622498149208
147.625	0	-0.07098808282711165
147.75	0	-0.06678928654952931
147.875	0	-0.05756843965429281
148.	0	-0.04693009913761258
148.125	0	-0.038061052066549306
148.25	0	-0.027756276260764608
148.375	0	-0.016900273066777053
148.5	0	-0.006522876191018521
148.625	0	0.004771846413553254
148.75	0	0.016074615629355797
148.875	0	0.028605932465641394
149.	0	0.035000614746369105
149.125	0	0.04716334564210742
149.25	0	0.052992951615313366
149.375	0	0.061569811315938916
149.5	0	0.06534788717954115
149.625	0	0.07370125059575866
149.75	0	0.07755315554263228
149.875	0	0.07762962244832977
150.	0	0.07919731351117426
150.125	0	0.07783176199967982
150.25	0	0.07842738304131737
150.375	0	0.0749472496724566
150.5	0	0.07161887442771553
150.625	0	0.06673432368226669
150.75	0	0.061109685742659785
150.875	0	0.056574875453168784
151.	0	0.046765144497139456
151.125	0	0.03875172284665958
151.25	0	0.03033876000031039
151.375	0	0.02489322048054345
151.5	0	0.014506745771384721
151.625	0	0.0033336289156552226
151.75	0	-0.0034366398320420924
151.875	0	-0.0133119411569745
152.	0	-0.023582052944301747
152.125	0	-0.029231962697536175
152.25	0	-0.03954397277052345
152.375	0	-0.04668925702544193
152.5	0	-0.05306931626103616
152.625	0	-0.05496204378414046
152.75	0	-0.05951671057109
152.875	0	-0.06422675088627094
153.	0	-0.0677123954729909
153.125	0	-0.06831845573932477
153.25	0	-0.06663666696553493
153.375	0	-0.0683721835619246
153.5	0	-0.06536984622994006
153.625	0	-0.06369712292349634
153.75	0	-0.05693553806601951
153.875	0	-0.05545281333632964
154.	0	-0.04823291476742953
154.125	0	-0.04311945631415887
154.25	0	-0.03410243707567263
154.375	0	-0.02774625948007322
154.5	0	-0.022025333489362357
154.625	0	-0.014503195820172612
154.75	0	-0.005661006227817552
154.875	0	0.005199310951058609
155.	0	0.01201607637263994
155.125	0	0.019139057694338137
155.25	0	0.026717562619720314
155.375	0	0.03390219422511005
155.5	0	0.03694048470424293
155.625	0	0.04332733103229446
155.75	0	0.0468875723487312
155.875	0	0.053608325401491956
156.	0	0.05484560234347269
156.125	0	0.05684244415978246
156.25	0	0.059176342088014845
156.375	0	0.05789933760710523
156.5	0	0.05732647090404834
156.625	0	0.05657340669025474
156.75	0	0.05195592397919598
156.875	0	0.050604706694474415
157.	0	0.04737565975889103
157.125	0	0.04066351921289728
157.25	0	0.03499199671463567
157.375	0	0.02867555635048474
157.5	0	0.02250084375371036
157.625	0	0.018551854942291075
157.75	0	0.01116269111410543
157.875	0	0.006349354996784934
158.	0	-0.0018491949901803598
158.125	0	-0.009218549479038086
158.25	0	-0.017267829806218868
158.375	0	-0.021241655239770334
158.5	0	-0.028257716027768078
158.625	0	-0.03387385848044789
158.75	0	-0.03627923693400112
158.875	0	-0.039446085300014457
159.	0	-0.04424231869135055
159.125	0	-0.04592187555668585
159.25	0	-0.04846500807441405
159.375	0	-0.04810332738229514
159.5	0	-0.048787762001649734
159.625	0	-0.04767149636904475
159.75	0	-0.048904058550569444
159.875	0	-0.04515187140446157
160.	0	-0.0424964218506526
160.125	0	-0.04115825621787563
160.25	0	-0.03715192293652518
160.375	0	-0.030592920243189117
160.5	0	-0.025003678499683876
160.625	0	-0.022812161863322317
160.75	0	-0.01424355887743863
160.875	0	-0.008568311449210534
161.	0	-0.004457438735969691
161.125	0	0.0028044244255537257
161.25	0	0.0065583887825143485
161.375	0	0.014227798016250317
161.5	0	0.016273395861015994
161.625	0	0.021905070226977772
161.75	0	0.025842861812152115
161.875	0	0.030593566316131637
162.	0	0.03595829832380733
162.125	0	0.03823117253824309
162.25	0	0.03890995599785917
162.375	0	0.039620832504947176
162.5	0	0.043278836416060784
162.625	0	0.044064655910957484
162.75	0	0.04401037809199336
162.875	0	0.041597683937642446
163.	0	0.037375180256463414
163.125	0	0.03649127350243814
163.25	0	0.03275265170940874
163.375	0	0.02896136941517558
163.5	0	0.028531165412984772
163.625	0	0.023667774481604443
163.75	0	0.01807841367166648
163.875	0	0.012519899411363418
164.	0	0.007686406053021336
164.125	0	0.0034796059754205106
164.25	0	-0.00026729279895706286
164.375	0	-0.007736995336285607
164.5	0	-0.008948308240586619
164.625	0	-0.01558801201788254
164.75	0	-0.020653492774785325
164.875	0	-0.02311936419707188
165.	0	-0.025456866296412316
165.125	0	-0.0290773636440695
165.25	0	-0.0337208138378256
165.375	0	-0.034836755980399675
165.5	0	-0.03587665070591199
165.625	0	-0.03741315282034686
165.75	0	-0.03810900514663652
165.875	0	-0.03662872874861463
166.	0	-0.03695843593205826
166.125	0	-0.03454317203653363
166.25	0	-0.03132461419932351
166.375	0	-0.028314690076098926
166.5	0	-0.02654716418550719
166.625	0	-0.021934573244141414
166.75	0	-0.020755043785909498
166.875	0	-0.015055879274170559
167.	0	-0.013993260483621005
167.125	0	-0.009720209182788157
167.25	0	-0.004135487269669434
167.375	0	0.0008698118141366826
167.5	0	0.006397827960721331
167.625	0	0.009488275582636152
167.75	0	0.010762623422173656
167.875	0	0.015000571228558163
168.	0	0.021124233874267397
168.125	0	0.021282510110213683
168.25	0	0.024283401726511063
168.375	0	0.02739936400180988
168.5	0	0.030714248211051263
168.625	0	0.029001229998338075
168.75	0	0.03160316528026741
168.875	0	0.02989328993685195
169.	0	0.0295064545638252
169.125	0	0.031426039071128425
169.25	0	0.027932478444477705
169.375	0	0.02567262696168267
169.5	0	0.025019938055433545
169.625	0	0.022724450716713307
169.75	0	0.02208411871407821
169.875	0	0.01782202033566968
170.	0	0.014583646119821258
170.125	0	0.010092496967112185
170.25	0	0.007503696206880925
170.375	0	0.0029441522206455862
170.5	0	-0.0004895541486706894
170.625	0	-0.0025427479481398294
170.75	0	-0.00916465119128129
170.875	0	-0.010974860339118497
171.	0	-0.012700337445484917
171.125	0	-0.017310893410946174
171.25	0	-0.020782143417612278
171.375	0	-0.021693251433028343
171.5	0	-0.022537383589317457
171.625	0	-0.025999887592057284
171.75	0	-0.025841796389772534
171.875	0	-0.026346784291472226
172.	0	-0.02451341174192227
172.125	0	-0.026300357209654766
172.25	0	-0.027567661088674512
172.375	0	-0.026167988157504204
172.5	0	-0.022399448099322372
172.625	0	-0.021797837760210353
172.75	0	-0.01865212401553895
172.875	0	-0.016978273929844988
173.	0	-0.015474143402381995
173.125	0	-0.011816617950788517
173.25	0	-0.011105340735690436
173.375	0	-0.006621613097862355
173.5	0	-0.002462345203629263
173.625	0	-0.0015739724821099044
173.75	0	0.0012834549741248215
173.875	0	0.007584899548871069
174.	0	0.007766409939016021
174.125	0	0.010896200094082265
174.25	0	0.012898957157520891
174.375	0	0.015169026040661176
174.5	0	0.017337906928693907
174.625	0	0.021022530359265164
174.75	0	0.021595243938105666
174.875	0	0.023735783438061014
175.	0	0.02052707903383682
175.125	0	0.021447070622176444
175.25	0	0.021198018942299265
175.375	0	0.02093756937397589
175.5	0	0.022147453749172683
175.625	0	0.019712698373175252
175.75	0	0.019316249720385766
175.875	0	0.018820951153511095
176.	0	0.014096251511778866
176.125	0	0.014169659453983954
176.25	0	0.00938206173521088
176.375	0	0.008358371226305759
176.5	0	0.006285670593862534
176.625	0	0.0016053607499081789
176.75	0	0.00018716530071412937
176.875	0	-0.0007330392563675112
177.	0	-0.00688352151716436
177.125	0	-0.006844961734899063
177.25	0	-0.010535401156641182
177.375	0	-0.011176496943443383
177.5	0	-0.013355449722454775
177.625	0	-0.01595880410446813
177.75	0	-0.01728426528101294
177.875	0	-0.01961405530138418
178.	0	-0.019237130481810832
178.125	0	-0.020847130178062005
178.25	0	-0.018347751149504307
178.375	0	-0.01731715938381137
178.5	0	-0.0204320126548739
178.625	0	-0.016427570510774918
178.75	0	-0.01768900719364483
178.875	0	-0.01548631228084058
179.	0	-0.014279381883425013
179.125	0	-0.013863264904659429
179.25	0	-0.010100108804500588
179.375	0	-0.008570652761462289
179.5	0	-0.008631504724145755
179.625	0	-0.00399150927546635
179.75	0	-0.0023852242948709697
179.875	0	0.0003635124247376249
180.	0	0.0029290958477711663
180.125	0	0.002468090630937189
180.25	0	0.006931755757930209
180.375	0	0.010035737507358675
180.5	0	0.008145234796207431
180.625	0	0.012075872887049975
180.75	0	0.013373949685204167
180.875	0	0.014375998076230193
181.	0	0.014844020394574262
181.125	0	0.01644035694696229
181.25	0	0.015659268157409457
181.375	0	0.01454615337274536
181.5	0	0.016828549940064084
181.625	0	0.017945554437682608
181.75	0	0.014953258120577158
181.875	0	0.015892624543294098
182.	0	0.012448704363596547
182.125	0	0.012005280051723105
182.25	0	0.011084262383165814
182.375	0	0.010817259577063282
182.5	0	0.007185394919844166
182.625	0	0.007477458571206059
182.75	0	0.004430553570284061
182.875	0	0.002628667133441102
183.	0	-0.00034290294007666817
183.125	0	-0.0011732078351539593
183.25	0	-0.004194062894700895
183.375	0	-0.004733693977986024
183.5	0	-0.0077379001165104565
183.625	0	-0.009384903739627727
183.75	0	-0.007872460047064642
183.875	0	-0.009234678292198215
184.	0	-0.010195133442760861
184.125	0	-0.01378829062320236
184.25	0	-0.01271267260762713
184.375	0	-0.014560757927379195
184.5	0	-0.015970035183393724
184.625	0	-0.016003517568258734
184.75	0	-0.012527296042249406
184.875	0	-0.01299300352326443
185.	0	-0.013679004291663622
185.125	0	-0.011077701518568845
185.25	0	-0.010395683427993112
185.375	0	-0.008447711617082378
185.5	0	-0.008674965213237091
185.625	0	-0.006518454846534961
185.75	0	-0.004392939743969154
185.875	0	-0.0032002931914130272
186.	0	-0.0006280398087719671
186.125	0	-0.0021947692696160717
186.25	0	0.002456359938995948
186.375	0	0.003920209379723776
186.5	0	0.00392896011819618
186.625	0	0.005237260446804853
186.75	0	0.0076197493272906714
186.875	0	0.010146188836669567
187.	0	0.008652193427518383
187.125	0	0.011986283306066344
187.25	0	0.012361119667896908
187.375	0	0.009516460040084626
187.5	0	0.01113071890114856
187.625	0	0.011196650875691255
187.75	0	0.013313616681912816
187.875	0	0.011649366920547159
188.	0	0.010048192008867899
188.125	0	0.009384092469691845
188.25	0	0.008292403055652424
188.375	0	0.010533971275811321
188.5	0	0.0075572753489764055
188.625	0	0.006747237228541041
188.75	0	0.004749469487017564
188.875	0	0.006217263787617576
189.	0	0.0014318635016279475
189.125	0	0.00047732248851503796
189.25	0	-0.000836016250002871
189.375	0	-0.002094956040247572
189.5	0	-0.002385222119075076
189.625	0	-0.004253621397803418
189.75	0	-0.0034650712308772103
189.875	0	-0.006651228182692084
190.	0	-0.00750364656811974
190.125	0	-0.0065751244631394885
190.25	0	-0.0067977545071831605
190.375	0	-0.009097190210473099
190.5	0	-0.011316627836109493
190.625	0	-0.009497286046286418
190.75	0	-0.008933263444984782
190.875	0	-0.009922126289424306
191.	0	-0.011186813775286245
191.125	0	-0.011216296402366169
191.25	0	-0.011002447443068162
191.375	0	-0.007701056210611293
191.5	0	-0.008855681616929572
191.625	0	-0.00823686979282293
191.75	0	-0.004700385743218919
191.875	0	-0.004546496489935592
192.	0	-0.0032465740298264203
192.125	0	-0.0017940607026770547
192.25	0	-0.0024935972852468203
192.375	0	-0.0019518805616710272
192.5	0	-0.0001975909421406593
192.625	0	0.0038230273013454695
192.75	0	0.0040693986707360874
192.875	0	0.004487345142897332
193.	0	0.0035283946586386243
193.125	0	0.004058462370707772
193.25	0	0.006134473303003211
193.375	0	0.007283953948229305
193.5	0	0.008771379111348412
193.625	0	0.007639800558971411
193.75	0	0.009902848521301858
193.875	0	0.010368475498103553
194.	0	0.008054926756106815
194.125	0	0.009676706718618217
194.25	0	0.010243910079673558
194.375	0	0.008247795920996878
194.5	0	0.008758590786183141
194.625	0	0.006630933831580004
194.75	0	0.00603529385222078
194.875	0	0.003980696429868716
195.	0	0.003992743067822978
195.125	0	0.002727008775230512
195.25	0	0.004021339820507704
195.375	0	0.0014666966140192595
195.5	0	-0.0005922389668884811
195.625	0	0.0013198048114208634
195.75	0	-0.001992231966475415
195.875	0	-0.002423502296877749
196.	0	-0.003903635993794536
196.125	0	-0.00503051326642243
196.25	0	-0.006904542779584618
196.375	0	-0.0037572746462257063
196.5	0	-0.008085889294134327
196.625	0	-0.005747679036224325
196.75	0	-0.007985648605421128
196.875	0	-0.00744490909959194
197.	0	-0.005743836026051733
197.125	0	-0.005797083376327236
197.25	0	-0.006800797178016746
197.375	0	-0.007854623853164103
197.5	0	-0.0059031326093821395
197.625	0	-0.00667257408337034
197.75	0	-0.007455322333988587
197.875	0	-0.0067626901032119754
198.	0	-0.00262417300949172
198.125	0	-0.002925965811604864
198.25	0	-0.002952743658105926
198.375	0	-0.003589135108346308
198.5	0	-0.00031272372397886947
198.625	0	0.001370669258005925
198.75	0	-0.0013243982270130974
198.875	0	-0.0003481579144385418
199.	0	0.001767998600393853
199.125	0	0.0037138520480238784
199.25	0	0.002612325462543406
199.375	0	0.00426263810382889
199.5	0	0.003194241362290395
199.625	0	0.005868310126061152
199.75	0	0.006464483427896397
199.875	0	0.006523005229176466
200.	0	0.007622126739206631
