t	x
0.	0.
0.125	0.13638677809700522
0.25	0.26698581530877896
0.375	0.3863379868038215
0.5	0.4896214404099377
0.625	0.57292156795642
0.75	0.6334459562167917
0.875	0.6696713816281517
1.	0.6814141098922077
1.125	0.6698194956052357
1.25	0.6372718544176815
1.375	0.5872304920480136
1.5	0.5240023160821257
1.625	0.4524653462777785
1.75	0.37776043604475223
1.875	0.30497043642232224
2.	0.23880675583595878
2.125	0.18332275021404876
2.25	0.14167165185152453
2.375	0.11592391995176604
2.5	0.10695514761156266
2.625	0.11441122301526402
2.75	0.13675259342659662
2.875	0.17137452142384824
3.	0.21479546268964542
3.125	0.2629014300528472
3.25	0.3112307049944133
3.375	0.3552807336522634
3.5	0.39081765667552104
3.625	0.4141687574954702
3.75	0.4224791819597863
3.875	0.4139165172920444
4.	0.3878100808151324
4.125	0.34471585564748913
4.25	0.28640266712215223
4.375	0.21576012994375365
4.5	0.1366338045593051
4.625	0.05359757599473332
4.75	-0.02832277570213501
4.875	-0.10395775405095979
5.	-0.16831498284983512
5.125	-0.21689276442892141
5.25	-0.2459668165768799
5.375	-0.2528322547961908
5.5	-0.23598561272116975
5.625	-0.19523536774316444
5.75	-0.13173383352869844
5.875	-0.04792812374045638
6.	0.0525671184880519
6.125	0.1651677025358593
6.25	0.2845766943477418
6.375	0.4050845192333808
6.5	0.5208941643928026
6.625	0.6264517307973758
6.75	0.7167622533601294
6.875	0.7876716188197499
7.	0.8360975059138235
7.125	0.8601954221602351
7.25	0.859449920373634
7.375	0.8346856970821788
7.5	0.7879982176019857
7.625	0.7226084719706048
7.75	0.6426511345681205
7.875	0.5529094885494326
8.	0.45851373079965263
8.125	0.36462149251441445
8.25	0.27610045760291824
8.375	0.19723277172501447
8.5	0.13145952159907165
8.625	0.08118101602897987
8.75	0.04762507621640932
8.875	0.030791263294771
9.	0.029474202528402216
9.125	0.041364203480431405
9.25	0.06321853272257996
9.375	0.09109227201183848
9.5	0.12061396581404793
9.625	0.14728845984585395
9.75	0.16680763143363186
9.875	0.17534921886276283
10.	0.16984470125007567
10.125	0.14819911646662165
10.25	0.10944871171359158
10.375	0.053846212251923764
10.5	-0.017131973811319978
10.625	-0.10085740517250799
10.75	-0.19369595583247254
10.875	-0.29122001451322826
11.	-0.3884735409247904
11.125	-0.4802736435034626
11.25	-0.561530015350473
11.375	-0.6275623962569143
11.5	-0.6743962924934853
11.625	-0.69901847942476
11.75	-0.6995762554733163
11.875	-0.6755078584761549
12.	-0.6275956838595363
12.125	-0.557938696213303
12.25	-0.46984540704930167
12.375	-0.3676536927436401
12.5	-0.25648824374170875
12.625	-0.14197028869151357
12.75	-0.029897186122561814
12.875	0.07408866146108148
13.	0.16482145626471584
13.125	0.23790468519683164
13.25	0.28995709011400617
13.375	0.3187970735816965
13.5	0.32355448847646634
13.625	0.3047032434833607
13.75	0.2640130426486107
13.875	0.20442356241890522
14.	0.12984914473918735
14.125	0.04492635363525781
14.25	-0.04527975933981797
14.375	-0.1355923249997172
14.5	-0.2210425382801623
14.625	-0.29717288755158966
14.75	-0.3603049610553622
14.875	-0.40775531966957645
15.	-0.4379862092330804
15.125	-0.450681989017374
15.25	-0.4467468196962777
15.375	-0.4282240934139492
15.5	-0.3981429925140012
15.625	-0.36030212666361505
15.75	-0.3190041362646409
15.875	-0.278758217926665
16.	-0.24396953433831872
16.125	-0.21863529116467942
16.25	-0.20606684654257773
16.375	-0.20865559031123204
16.5	-0.2276975917040044
16.625	-0.26328833636420607
16.75	-0.3142944852780093
16.875	-0.37840476285647995
17.	-0.4522571195330594
17.125	-0.5316345250318754
17.25	-0.6117174304060062
17.375	-0.6873773593131092
17.5	-0.75349347507417
17.625	-0.8052724832546195
17.75	-0.8385519631669043
17.875	-0.8500681932987705
18.	-0.8376716857276697
18.125	-0.8004768403059481
18.25	-0.7389361729642288
18.375	-0.6548342132918574
18.5	-0.5512011168312572
18.625	-0.43215099017378716
18.75	-0.3026545746460026
18.875	-0.16825998867435932
19.	-0.03477843815702486
19.125	0.09204603086655656
19.25	0.20686267667638322
19.375	0.3050162965210117
19.5	0.38280722230855513
19.625	0.43769335840929546
19.75	0.4684221232362214
19.875	0.47508448498101186
20.	0.4590880900316809
20.125	0.4230514717937294
20.25	0.37062618831883465
20.375	0.3062581678207076
20.5	0.23490326713498372
20.625	0.1617148386350767
20.75	0.09172278343160806
20.875	0.029524039167264426
21.	-0.020996318962110905
21.125	-0.056896146404025294
21.25	-0.07634527874509284
21.375	-0.07872228355039504
21.5	-0.06463318001192514
21.625	-0.03585128843170832
21.75	0.004817684880696643
21.875	0.053736539155503873
22.	0.10669052911635306
22.125	0.15917813527834984
22.25	0.20672011313140773
22.375	0.24516713641278215
22.5	0.2709864375894574
22.625	0.28150916236731116
22.75	0.2751226127177466
22.875	0.2513950015221539
23.	0.2111245667179921
23.125	0.15630963066290438
23.25	0.09004114619510278
23.375	0.016324135801279227
23.5	-0.06016109878136805
23.625	-0.1343433210627027
23.75	-0.20107269454952437
23.875	-0.25544174573877443
24.	-0.29309499810721895
24.125	-0.3105079654633952
24.25	-0.3052180402673691
24.375	-0.275992747441577
24.5	-0.22292467518756073
24.625	-0.1474469034071181
24.75	-0.05226764792687291
24.875	0.058772178956336324
25.	0.1809100332000214
25.125	0.30872873241503435
25.25	0.436463225925582
25.375	0.5583285313251876
25.5	0.6688489190797304
25.625	0.7631683495338709
25.75	0.8373233253638974
25.875	0.8884616451544229
26.	0.9149938861689328
26.125	0.9166685990514102
26.25	0.8945669062557204
26.375	0.851017167196931
26.5	0.7894352979909427
26.625	0.7141009066922966
26.75	0.6298833425950852
26.875	0.5419348164308738
27.	0.455369737902525
27.125	0.37495021513044524
27.25	0.30479721855050623
27.375	0.24814525799309373
27.5	0.20715565982242745
27.625	0.18279983372245662
27.75	0.17481951669919332
27.875	0.18176614961104418
28.	0.2011165802049762
28.125	0.2294575053419509
28.25	0.2627267616737852
28.375	0.2964960165117851
28.5	0.3262768205521962
28.625	0.3478305227822531
28.75	0.3574623062793838
28.875	0.352280596779572
29.	0.3304052619865997
29.125	0.2911112237387914
29.25	0.23489814780997967
29.375	0.16348150552262608
29.5	0.0797052291399368
29.625	-0.012618897815773883
29.75	-0.10893537014137286
29.875	-0.20421886338908443
30.	-0.29328101206445617
30.125	-0.37109106495760225
30.25	-0.43309049753210027
30.375	-0.4754819781406385
30.5	-0.4954746211922311
30.625	-0.49147012164792425
30.75	-0.4631779867903799
30.875	-0.4116524387710967
31.	-0.3392483848489197
31.125	-0.24949884232787964
31.25	-0.1469210523751917
31.375	-0.036762920345796826
31.5	0.07529489335334805
31.625	0.18346316728924006
31.75	0.2821749088119574
31.875	0.3664026428563265
32.	0.43194293742576206
32.125	0.47565092828524824
32.25	0.49561069488104253
32.375	0.4912313018606016
32.5	0.46326290983474894
32.625	0.41373229037380144
32.75	0.34580204765156275
32.875	0.26356254447652694
33.	0.17176966249855702
33.125	0.07554483905361725
33.25	-0.019943888697190687
33.375	-0.10979997933989746
33.5	-0.1896958818820772
33.625	-0.2561315281217743
33.75	-0.30663790314540096
33.875	-0.3399132436749658
34.	-0.35588365416021567
34.125	-0.3556846771413303
34.25	-0.34156531163170123
34.375	-0.3167208322075332
34.5	-0.2850652194563946
34.625	-0.25095779176923066
34.75	-0.21890149379381865
34.875	-0.19323206977131277
35.	-0.17781792005400737
35.125	-0.17578977085435737
35.25	-0.18931742231310067
35.375	-0.21944789442836032
35.5	-0.2660154476847325
35.625	-0.3276294546760647
35.75	-0.4017412209443496
35.875	-0.48478590154186696
36.	-0.5723909430089411
36.125	-0.6596382925580866
36.25	-0.7413642184559528
36.375	-0.8124781900106416
36.5	-0.8682810220397315
36.625	-0.9047624754425843
36.75	-0.9188597242727714
36.875	-0.908660475638214
37.	-0.8735379150157356
37.125	-0.8142088364688277
37.25	-0.7327110452897366
37.375	-0.6323010965309379
37.5	-0.5172783480415324
37.625	-0.3927458559726796
37.75	-0.26432254190589355
37.875	-0.1378240716310783
38.	-0.018931819249017656
38.125	0.08712997334725628
38.25	0.17588923816257307
38.375	0.24387543864928435
38.5	0.28880818081058074
38.625	0.3097137681775044
38.75	0.30696284028525345
38.875	0.28222710410455687
39.	0.2383581560314124
39.125	0.17919618902465764
39.25	0.10932068778707055
39.375	0.03375876744035801
39.5	-0.04233061208444572
39.625	-0.11397688205696749
39.75	-0.17670265964518214
39.875	-0.2267942282180686
40.	-0.2615210210110056
40.125	-0.27929065185158186
40.25	-0.27973009624741607
40.375	-0.26368826618338864
40.5	-0.23316015321163275
40.625	-0.19113762955820365
40.75	-0.1413965898125673
40.875	-0.08823410023719803
41.	-0.03617235068656302
41.125	0.010351719230467571
41.25	0.047291352085751165
41.375	0.07127003539404667
41.5	0.07981882353849162
41.625	0.07155572115471759
41.75	0.04629555606850255
41.875	0.005083121721341954
42.	-0.04985282414686118
42.125	-0.11522215538766342
42.25	-0.18686520995625533
42.375	-0.2600021456492744
42.5	-0.32952447514953664
42.625	-0.3903107574323593
42.75	-0.4375468625079567
42.875	-0.4670308832463768
43.	-0.4754436639148234
43.125	-0.46056799526620773
43.25	-0.4214426621136995
43.375	-0.358441527189048
43.5	-0.27327244696718334
43.625	-0.16889575506634166
43.75	-0.04936701035612519
43.875	0.08038661784319444
44.	0.214842856267917
44.125	0.3481969867538842
44.25	0.47469168439089315
44.375	0.5889439995293713
44.5	0.6862496248851353
44.625	0.7628459928750236
44.75	0.816118292429105
44.875	0.8447360209266532
45.	0.8487119766905371
45.125	0.8293803843850462
45.25	0.7892958326197052
45.375	0.7320595806401802
45.5	0.6620842566388783
45.625	0.5843117470722192
45.75	0.5039019304389509
45.875	0.42591166367987054
46.	0.35498397650987723
46.125	0.2950667354875436
46.25	0.2491781495014388
46.375	0.21923352002698
46.5	0.2059437784111099
46.625	0.2087918394682181
46.75	0.2260879171875368
46.875	0.25509999869635114
47.	0.2922509651664873
47.125	0.33336967631783226
47.25	0.3739799583989898
47.375	0.40960906429893396
47.5	0.43609595642265253
47.625	0.4498797739926128
47.75	0.44825008582977943
47.875	0.4295429202479012
48.	0.3932699565997654
48.125	0.3401724469520222
48.25	0.27219615075734893
48.375	0.19238851658229159
48.5	0.104724224467667
48.625	0.013869706254698577
48.75	-0.07509889159187684
48.875	-0.15700688752284842
49.	-0.22690210197111782
49.125	-0.2803657954840138
49.25	-0.31379412057460704
49.375	-0.32463247533590556
49.5	-0.31154801904734286
49.625	-0.2745294012817865
49.75	-0.21490723150567312
49.875	-0.13529369837221364
50.	-0.039444734000638054
50.125	0.0679471008608486
50.25	0.18151655645975365
50.375	0.29553049342463356
50.5	0.4042150518465822
50.625	0.5020853173691564
50.75	0.5842574572261583
50.875	0.6467243826281657
51.	0.6865782479306874
51.125	0.7021663816882133
51.25	0.6931713561078527
51.375	0.660610584364542
51.5	0.606755799090295
51.625	0.5349777020909272
51.75	0.44952567872895044
51.875	0.35525645499083097
52.	0.2573286941120737
52.125	0.16088258971738484
52.25	0.07072438655861502
52.375	-0.008964605332545117
52.5	-0.07487651828764519
52.625	-0.12476766923229121
52.75	-0.15757989482798887
52.875	-0.17348520382602794
53.	-0.17385128511397763
53.125	-0.16113037226996224
53.25	-0.1386787667476142
53.375	-0.11051866301173414
53.5	-0.08105752965008245
53.625	-0.054782955840221415
53.75	-0.03595240719891443
53.875	-0.028297653424411706
54.	-0.03476271243415513
54.125	-0.057292059045803534
54.25	-0.09668270120691619
54.375	-0.15250972920064892
54.5	-0.22313034210639138
54.625	-0.30576643766635153
54.75	-0.39666092299191463
54.875	-0.49129827136764626
55.	-0.5846758035396671
55.125	-0.6716089627403211
55.25	-0.7470516816939988
55.375	-0.8064119428480732
55.5	-0.8458428729817611
55.625	-0.8624911761671727
55.75	-0.8546873047494742
55.875	-0.8220653360751274
56.	-0.7656048421317382
56.125	-0.6875918423058176
56.25	-0.5915009182194029
56.375	-0.48180543455529884
56.5	-0.3637272490184763
56.625	-0.2429410325771915
56.75	-0.1252511258493802
56.875	-0.016260554834354485
57.	0.07894768623621509
57.125	0.156097735424282
57.25	0.21195895152355163
57.375	0.24452062344363193
57.5	0.25309284852993796
57.625	0.2383276862100392
57.75	0.20215961228497045
57.875	0.14766927339685218
58.	0.07887926210573729
58.125	0.000494807824714001
58.25	-0.0823943511675552
58.375	-0.16463229296450715
58.5	-0.24131561553174108
58.625	-0.30809273483422567
58.75	-0.361425258858548
58.875	-0.39879533369460524
59.	-0.41884627169481137
59.125	-0.4214479714291989
59.25	-0.4076833627802048
59.375	-0.3797570636366976
59.5	-0.3408323086228819
59.625	-0.2948067015084283
59.75	-0.24604117165739214
59.875	-0.19905944264255332
60.	-0.1582371656593057
60.125	-0.1275005167626861
60.25	-0.11005346497330087
60.375	-0.10815112481413519
60.5	-0.12293372352949417
60.625	-0.15433191965040427
60.75	-0.20104974196181852
60.875	-0.260626554558506
61.	-0.32957449751099727
61.125	-0.40358311251651496
61.25	-0.47777863424171413
61.375	-0.5470219745944023
61.5	-0.6062269644621117
61.625	-0.6506790995337319
61.75	-0.6763349465292524
61.875	-0.6800835100355971
62.	-0.6599531679765839
62.125	-0.6152511129359385
62.25	-0.546626380970574
62.375	-0.45605225232874924
62.5	-0.3467287779801881
62.625	-0.22291111377340245
62.75	-0.0896739245630474
62.875	0.04737393049234358
63.	0.18240714818987225
63.125	0.3097148792468683
63.25	0.42402467347716927
63.375	0.5207998014339553
63.5	0.5964919272316047
63.625	0.6487338662735127
63.75	0.6764608629075131
63.875	0.6799532368504227
64.	0.6607980996136331
64.125	0.6217728319940018
64.25	0.5666578313804546
64.375	0.4999903843566327
64.5	0.42677512638965776
64.625	0.35216919290778725
64.75	0.28116168137098885
64.875	0.21826733872326348
65.	0.16725344547463994
65.125	0.13091674614942106
65.25	0.11092410875774866
65.375	0.10772658107806665
65.5	0.12055189932284471
65.625	0.1474755827243434
65.75	0.18556582243964084
65.875	0.23109275176457583
66.	0.27978865481952253
66.125	0.32714248360061354
66.25	0.36870990706099616
66.375	0.4004191443439941
66.5	0.41885309792990477
66.625	0.4214897848643172
66.75	0.40688567310081103
66.875	0.3747901028569782
67.	0.32618328724712903
67.125	0.2632351736094587
67.25	0.18918740869016645
67.375	0.10816547804050611
67.5	0.02493248177228391
67.625	-0.05540030864384357
67.75	-0.12768822436706917
67.875	-0.18707378281569695
68.	-0.2292931397607471
68.125	-0.25094928865839605
68.25	-0.24973489586280273
68.375	-0.22459073608058355
68.5	-0.17578964363681243
68.625	-0.10494047697854486
68.75	-0.014911522236559893
68.875	0.09032226912460961
69.	0.2058991118556167
69.125	0.32634404859889093
69.25	0.44587987670611384
69.375	0.5587564721986712
69.5	0.6595785057378484
69.625	0.7436116448081156
69.75	0.807048665958347
69.875	0.8472193783452959
70.	0.8627317311849074
70.125	0.8535357275530178
70.25	0.8209065315023534
70.375	0.7673481389879808
70.5	0.6964238764004209
70.625	0.6125244900641988
70.75	0.5205884168875927
70.875	0.42579174334674247
71.	0.33322718666499
71.125	0.2475920557359546
71.25	0.17290453217660956
71.375	0.11226579317426882
71.5	0.06768259149146022
71.625	0.03996109568950912
71.75	0.028678313187975535
71.875	0.032232549542451444
72.	0.04796940275266398
72.125	0.07237506018883282
72.25	0.10132445255450367
72.375	0.13036838658914474
72.5	0.1550413397259428
72.625	0.17117030750613998
72.75	0.17516502868767095
72.875	0.1642710777741403
73.	0.13676963760062658
73.125	0.0921111009967559
73.25	0.030973792633506747
73.375	-0.044756208022033284
73.5	-0.13208321629331093
73.625	-0.22707224514181165
73.75	-0.32508110648183886
73.875	-0.421040060839633
74.	-0.5097617531079611
74.125	-0.5862622313747651
74.25	-0.6460730979541336
74.375	-0.6855253342340547
74.5	-0.7019870440763483
74.625	-0.6940401692739898
74.75	-0.6615849712329911
74.875	-0.6058655138628
75.	-0.529414248307202
75.125	-0.43591878882402335
75.25	-0.3300187712970446
75.375	-0.2170450035165949
75.5	-0.10271668150524153
75.625	0.007184962514901194
75.75	0.10714675828386208
75.875	0.19223738805007448
76.	0.25838582373273156
76.125	0.30260754982084515
76.25	0.323164937292895
76.375	0.31965220100789127
76.5	0.293000028734484
76.625	0.24539992530016116
76.75	0.18015326277088084
76.875	0.10145466019754557
77.	0.014123347017162897
77.125	-0.07670065710662327
77.25	-0.16587658314701412
77.375	-0.2485792615180671
77.5	-0.3205921544590309
77.625	-0.3785589555017473
77.75	-0.4201782721865429
77.875	-0.44432950108477043
78.	-0.451122333075649
78.125	-0.4418671217689575
78.25	-0.41896831010852653
78.375	-0.38574793035925675
78.5	-0.3462105706106978
78.625	-0.3047648639519924
78.75	-0.26591927646675984
78.875	-0.233971577783513
79.	-0.21271177299471078
79.125	-0.20515743272501347
79.25	-0.21333833141854525
79.375	-0.23814421872897645
79.5	-0.27924559735949284
79.625	-0.33509280890808285
79.75	-0.4029938219869351
79.875	-0.47926617981394903
80.	-0.5594539052644811
80.125	-0.6385960704629987
80.25	-0.7115304705534591
80.375	-0.7732136013281732
80.5	-0.8190370680815566
80.625	-0.845120715972863
80.75	-0.848564161120777
80.875	-0.827640931165794
81.	-0.7819229377385271
81.125	-0.7123272835490995
81.25	-0.6210821883384678
81.375	-0.5116138041526492
81.5	-0.3883605719601467
81.625	-0.25652624559906917
81.75	-0.12178649772948107
81.875	0.010033109299184356
82.	0.13328823503186762
82.125	0.24283584096232555
82.25	0.33432380695821645
82.375	0.40443253473139684
82.5	0.45105395581170804
82.625	0.4733972281031999
82.75	0.47201493154623597
82.875	0.4487484787398137
83.	0.4065964361940484
83.125	0.34951419723348615
83.25	0.28215766415943944
83.375	0.2095870237428745
83.5	0.13694912427236167
83.625	0.06915823439279611
83.75	0.01059500566439553
83.875	-0.0351577295247808
84.	-0.0655260404263791
84.125	-0.07908993411117143
84.25	-0.07565357690593322
84.375	-0.05623663211740734
84.5	-0.022987592889079894
84.625	0.020975123120799855
84.75	0.07178402717543728
84.875	0.12509119377636324
85.	0.17636751912701365
85.125	0.22121353134211696
85.25	0.25566195745622505
85.375	0.2764527678515065
85.5	0.28126314030125465
85.625	0.26887760621007273
85.75	0.23928738519319795
85.875	0.19371234773861537
86.	0.13454389319433463
86.125	0.06521198974967171
86.25	-0.010015614580616367
86.375	-0.08628973254148517
86.5	-0.15847584405429552
86.625	-0.22147165350547154
86.75	-0.2705263909548441
86.875	-0.30154198300535845
87.	-0.3113372877779375
87.125	-0.29785882761316185
87.25	-0.2603247244489113
87.375	-0.1992926437665502
87.5	-0.11664722939600483
87.625	-0.015507473321981047
87.75	0.09994059587991447
87.875	0.22467591173799112
88.	0.3531250658911321
88.125	0.47947857905245606
88.25	0.598021549543355
88.375	0.7034585933030967
88.5	0.7912133420679501
88.625	0.8576843387974844
88.75	0.9004418637880169
88.875	0.9183538739907335
89.	0.9116336153297564
89.125	0.8818063016046901
89.25	0.8315972438854884
89.375	0.7647486515410153
89.5	0.6857767101569782
89.625	0.5996842008019245
89.75	0.5116466327234981
89.875	0.42669145013661214
90.	0.3493902454383197
90.125	0.2835830437611065
90.25	0.2321516721052157
90.375	0.1968561188329621
90.5	0.1782438201375124
90.625	0.17563722682130922
90.75	0.1872000930655039
90.875	0.2100779949189166
91.	0.24060393736663258
91.125	0.2745558346223469
91.25	0.3074494024657818
91.375	0.3348477861471101
91.5	0.3526682005516708
91.625	0.35746604614469857
91.75	0.3466783730639845
91.875	0.3188111088713886
92.	0.2735579845473759
92.125	0.21184336916453675
92.25	0.1357859899988098
92.375	0.048585474731944744
92.5	-0.04566150315576499
92.625	-0.14220426762822425
92.75	-0.23592543012959594
92.875	-0.3216546772891339
93.	-0.39448960169468894
93.125	-0.4501036244092176
93.25	-0.4850218017314134
93.375	-0.49684724775025
93.5	-0.484423918854534
93.625	-0.44792540997074803
93.75	-0.38886396303638093
93.875	-0.31001880390176983
94.	-0.215287899562152
94.125	-0.10947195461280668
94.25	0.0019963492709649975
94.375	0.11336148395927517
94.5	0.21887381750936422
94.625	0.31311799856910216
94.75	0.3913210344305601
94.875	0.4496213696979222
95.	0.485282682625565
95.125	0.4968395316707493
95.25	0.48416619367122515
95.375	0.4484647760570027
95.5	0.39217366440468926
95.625	0.31880227450679505
95.75	0.23270261051698765
95.875	0.13879200661831065
96.	0.042244408891721916
96.125	-0.05183054772414952
96.25	-0.13870071241349843
96.375	-0.21429742710419447
96.5	-0.27545670330956573
96.625	-0.32010074334715893
96.75	-0.347348744684557
96.875	-0.35755037299970327
97.	-0.3522401433604853
97.125	-0.3340159072243857
97.25	-0.3063493968147443
97.375	-0.2733410317252469
97.5	-0.2394346804369029
97.625	-0.20911057459662974
97.75	-0.1865759404042144
97.875	-0.17547305419509662
98.	-0.17862333940201547
98.125	-0.19782386739558322
98.25	-0.2337093456424137
98.375	-0.2856885773801142
98.5	-0.35195971289147254
98.625	-0.429603673985017
98.75	-0.5147502281233814
98.875	-0.6028066224613946
99.	-0.6887347455320224
99.125	-0.7673597114012644
99.25	-0.833690749730384
99.375	-0.8832344612928467
99.5	-0.9122809142359052
99.625	-0.9181446868229465
99.75	-0.8993457070763924
99.875	-0.8557184288922837
100.	-0.7884422892847329
100.125	-0.6999912393430867
100.25	-0.5940051315502042
100.375	-0.4750905687060322
100.5	-0.3485631755419186
100.625	-0.22014687283845363
100.75	-0.09564839084132237
100.875	0.019373210937494584
101.	0.11992194184511262
101.125	0.20184605270185657
101.25	0.26206795469072297
101.375	0.298749023193041
101.5	0.3113794471935907
101.625	0.30078791224915374
101.75	0.26907085061061886
101.875	0.21944594902264114
102.	0.1560392654855874
102.125	0.08361938182637935
102.25	0.007295256706205525
102.375	-0.06780335675248572
102.5	-0.13684303907155304
102.625	-0.19558170007369569
102.75	-0.24062319824018738
102.875	-0.2696159070278189
103.	-0.2813830907910666
103.125	-0.27597724371432303
103.25	-0.25465531971339983
103.375	-0.2197767420239899
103.5	-0.1746309190632821
103.625	-0.12320540676137481
103.75	-0.06990957201608372
103.875	-0.019271395903949218
104.	0.024373264581969672
104.125	0.057179165821399175
104.25	0.07605889359405393
104.375	0.07890173783767324
104.5	0.06473018272033937
104.625	0.033783873159055844
104.75	-0.012474539744686208
104.875	-0.07143237661306417
105.	-0.13947448906449206
105.125	-0.21219647324545216
105.25	-0.2846704765527288
105.375	-0.3517472115151732
105.5	-0.40837548243172805
105.625	-0.4499193829956418
105.75	-0.47245340902418986
105.875	-0.47301704513835413
106.	-0.4498128469659792
106.125	-0.4023354989437601
106.25	-0.33142356788864746
106.375	-0.239230431373069
106.5	-0.12911584242997665
106.625	-0.005464489114422572
106.75	0.12655758492895852
106.875	0.2612939942688971
107.	0.39291882417832313
107.125	0.5157677644417994
107.25	0.6246594491242651
107.375	0.7151874922742358
107.5	0.783965520595249
107.625	0.8288104084789338
107.75	0.8488527381541596
107.875	0.8445680011123738
108.	0.8177269475304686
108.125	0.7712684746404385
108.25	0.7091032136609906
108.375	0.6358602322581811
108.5	0.5565927516410295
108.625	0.47646126867374583
108.75	0.4004138197920001
108.875	0.3328832422447161
109.	0.27752017278257773
109.125	0.23697824464342765
109.25	0.21276464315032384
109.375	0.20516506451049987
109.5	0.21324744819018365
109.625	0.23494391191228625
109.75	0.26720541778826545
109.875	0.3062191436400908
110.	0.3476746088717393
110.125	0.3870615537354465
110.25	0.4199805844709277
110.375	0.44244679826658284
110.5	0.4511670410232316
110.625	0.44377310015572147
110.75	0.418995891448344
110.875	0.3767693916164723
111.	0.3182574667547104
111.125	0.24580157731592325
111.25	0.1627923017604887
111.375	0.07347240440343433
111.5	-0.01731651987028465
111.625	-0.10442822904739268
111.75	-0.18272865547614364
111.875	-0.24741570957060355
112.	-0.2943221656193869
112.125	-0.3201827228688916
112.25	-0.3228485050448916
112.375	-0.3014354741608507
112.5	-0.25639729095168123
112.625	-0.18951780317309708
112.75	-0.10382329603289663
112.875	-0.0034195889053050266
113.	0.10673629792905626
113.125	0.22111614142699923
113.25	0.33393522146858734
113.375	0.4394826317542311
113.5	0.5324471290182029
113.625	0.6082187294069517
113.75	0.6631477598021631
113.875	0.6947457009322409
114.	0.7018157551011601
114.125	0.6845054110500725
114.25	0.6442780924969591
114.375	0.5838059665183111
114.5	0.5067908435593923
114.625	0.4177245213086081
114.75	0.3216036358921541
114.875	0.2236168559320818
115.	0.12882391648941804
115.125	0.04184643838821106
115.25	-0.0334103130792035
115.375	-0.09398755740279005
115.5	-0.1380408904875921
115.625	-0.16493573561373692
115.75	-0.17526470390809493
115.875	-0.1707861146058094
116.	-0.15428786696460317
116.125	-0.12938553090725724
116.25	-0.10026764109632695
116.375	-0.07140448274363671
116.5	-0.04723894129661654
116.625	-0.03187911000826074
116.75	-0.028812239430772046
116.875	-0.04065827792237159
117.	-0.06897877544756509
117.125	-0.11415345851699976
117.25	-0.1753325478017997
117.375	-0.2504681456120339
117.5	-0.3364230635766002
117.625	-0.42915060032937036
117.75	-0.5239343177108652
117.875	-0.6156730800968864
118.	-0.6991937510639322
118.125	-0.7695721640395115
118.25	-0.8224424102875476
118.375	-0.854275155108015
118.5	-0.8626075608995447
118.625	-0.8462103485181522
118.75	-0.8051813834490049
118.875	-0.7409596918325853
119.	-0.656258713188477
119.125	-0.5549225776980087
119.25	-0.4417139470761422
119.375	-0.3220461845208708
119.5	-0.20167605863957
119.625	-0.08637562511201277
119.75	0.018396783244997855
119.875	0.1078064722899649
120.	0.177914402734875
120.125	0.22589484338495192
120.25	0.2501855569345195
120.375	0.25056158070243606
120.5	0.22812838102895544
120.625	0.18523513313845408
120.75	0.1253137995200717
120.875	0.05265424401402366
121.	-0.027870457189737567
121.125	-0.11111130568082314
121.25	-0.19196410082720328
121.375	-0.2656836420810875
121.5	-0.32817193007036616
121.625	-0.37622255756963013
121.75	-0.4077062616098814
121.875	-0.4216863199646819
122.	-0.41845688741173814
122.125	-0.3995022044013852
122.25	-0.3673795715929032
122.375	-0.32553375906429133
122.5	-0.2780548113988338
122.625	-0.2293947519636434
122.75	-0.18406126093429667
122.875	-0.14630784187148674
123.	-0.11984021123773758
123.125	-0.10755763048170641
123.25	-0.11134571440202523
123.375	-0.13193402854927616
123.5	-0.16882773301478887
123.625	-0.22031789265722368
123.75	-0.2835701434783777
123.875	-0.3547864886350153
124.	-0.42943040182320896
124.125	-0.5025014269999716
124.25	-0.5688423304371109
124.375	-0.6234597795930517
124.5	-0.6618386235560855
124.625	-0.6802301887134903
124.75	-0.6758965606832479
124.875	-0.6472955034864476
125.	-0.5941943036961858
125.125	-0.5177051956015845
125.25	-0.4202398524656941
125.375	-0.30538541921545925
125.5	-0.17770940376283267
125.625	-0.04250513714137875
125.75	0.09450681591017851
125.875	0.22750319228045532
126.	0.35088880451208854
126.125	0.4596134606898377
126.25	0.549455793660433
126.375	0.6172568081097373
126.5	0.6610890608717115
126.625	0.6803513656207308
126.75	0.6757835110187334
126.875	0.6494004160840622
127.	0.6043501118042415
127.125	0.5447046257975344
127.25	0.4751969664281779
127.375	0.4009206988746155
127.5	0.32701087416464386
127.625	0.2583261729750109
127.75	0.1991519915186316
127.875	0.15294283639046097
128.	0.12211989431006559
128.125	0.10793615766845638
128.25	0.11041723519123836
128.375	0.1283812240135413
128.5	0.15953606128126768
128.625	0.2006479189866895
128.75	0.24776975751641767
128.875	0.2965153883902945
129.	0.34236154937408425
129.125	0.38095874286435605
129.25	0.4084310402841842
129.375	0.42164574532614757
129.5	0.41843569426350413
129.625	0.397759934819599
129.75	0.3597923817087877
129.875	0.3059325567577644
130.	0.23873740359108786
130.125	0.16177811708642753
130.25	0.07943063772085064
130.375	-0.0033873630455315434
130.5	-0.08151679851947129
130.625	-0.14987619960021514
130.75	-0.20377965848142116
130.875	-0.23923388587438582
131.	-0.25319582459774753
131.125	-0.2437746577374122
131.25	-0.21036545205680174
131.375	-0.1537058762380908
131.5	-0.07585216859994878
131.625	0.019924493490725004
131.75	0.12931515902439908
131.875	0.24721319988166476
132.	0.36800284746134676
132.125	0.48587868518912636
132.25	0.5951766994781902
132.375	0.6906967772437473
132.5	0.7679970667037772
132.625	0.8236423571103852
132.75	0.8553914742954208
132.875	0.8623124561006436
133.	0.8448187310531483
133.125	0.8046243982669158
133.25	0.7446216939980645
133.375	0.6686885211208959
133.5	0.581438214889187
133.625	0.48792725532882975
133.75	0.39333919441094556
133.875	0.30266448663426015
134.	0.22039610739333898
134.125	0.1502598032741589
134.25	0.09499560779155275
134.375	0.05620401340511333
134.5	0.03426611839695959
134.625	0.02834241937378712
134.75	0.03644998650113415
134.875	0.05561284652440143
135.	0.08207581418824311
135.125	0.11156804138269803
135.25	0.13959944254688164
135.375	0.1617710982690695
135.5	0.17407986469934728
135.625	0.17319777877995546
135.75	0.15670842583415145
135.875	0.12328512856736673
136.	0.07279945735754617
136.125	0.006352924108270985
136.25	-0.07377046579429075
136.375	-0.16422816650946456
136.5	-0.2608121095586553
136.625	-0.35869900140491606
136.75	-0.4527425003291936
136.875	-0.537789211718735
137.	-0.6089989017817847
137.125	-0.6621490085202666
137.25	-0.6939044464170423
137.375	-0.702035801588879
137.5	-0.6855721674327089
137.625	-0.644878881862109
137.75	-0.5816550475261939
137.875	-0.49885065942032414
138.	-0.4005081233982276
138.125	-0.2915376165589677
138.25	-0.17743982663218286
138.375	-0.06399285868915297
138.5	0.0430776880590332
138.625	0.13842543042465086
138.75	0.21738685404679467
138.875	0.27624348963397827
139.	0.3124267565795329
139.125	0.32465315991511884
139.25	0.31298182762352483
139.375	0.2787911684498608
139.5	0.22467641807028016
139.625	0.15427471432706302
139.75	0.07202879796550289
139.875	-0.01709580234049613
140.	-0.10792240599841571
140.125	-0.19538420888441932
140.25	-0.27483475027873994
140.375	-0.3423285798949326
140.5	-0.3948547970741465
140.625	-0.430509120202906
140.75	-0.44859401933624377
140.875	-0.4496409671152738
141.	-0.4353537504245922
141.125	-0.40847673326438216
141.25	-0.37259666174580663
141.375	-0.3318907621705023
141.5	-0.2908372437358
141.625	-0.25390666923813676
141.75	-0.22525385377813015
141.875	-0.20842991838967173
142.	-0.20613286478216575
142.125	-0.22001262750370754
142.25	-0.25054315086887674
142.375	-0.2969698422405218
142.5	-0.3573360320256991
142.625	-0.42858711812561845
142.75	-0.5067461971270023
142.875	-0.5871504900776112
143.	-0.664734037470094
143.125	-0.7343392052277681
143.25	-0.7910376942664067
143.375	-0.8304410964756294
143.5	-0.8489816310367629
143.625	-0.8441454910390779
143.75	-0.8146441206079726
143.875	-0.760512548391764
144.	-0.68312838848716
144.125	-0.5851500066276188
144.25	-0.47037733459315834
144.375	-0.34354359000887025
144.5	-0.21005042569337434
144.625	-0.07566252764804732
144.75	0.053819813306391406
144.875	0.17289026990383333
145.	0.27664816823446803
145.125	0.3610733854551357
145.25	0.4232478156526607
145.375	0.46151006541140327
145.5	0.47553416455283265
145.625	0.4663277680662078
145.75	0.4361502913274856
145.875	0.3883563541597296
146.	0.3271745040818848
146.125	0.2574351603088842
146.25	0.1842648216181733
146.375	0.11276562111479782
146.5	0.04770016327682583
146.625	-0.006798808633794062
146.75	-0.04747596865379888
146.875	-0.07214295763653705
147.	-0.0797983566158631
147.125	-0.07067089084925868
147.25	-0.04618349085720233
147.375	-0.008840798945467548
147.5	0.037952494617884594
147.625	0.09013077113076587
147.75	0.1432487485116299
147.875	0.19278694500713572
148.	0.23446188102093846
148.125	0.2645212621623851
148.25	0.28000532598814143
148.375	0.27895765153472574
148.5	0.26057189281315407
148.625	0.22526490804493085
148.75	0.17467136578489215
148.875	0.11155983009710474
149.	0.03967525305378425
149.125	-0.03648257295525868
149.25	-0.11193101655378869
149.375	-0.18151028353261578
149.5	-0.24020383787309588
149.625	-0.28345366233298686
149.75	-0.3074507152679844
149.875	-0.30938242431015656
150.	-0.2876216720837332
150.125	-0.24184531263394118
150.25	-0.17307458771837195
150.375	-0.08363462111088865
150.5	0.022964841672711123
150.625	0.14222042085092557
150.75	0.26888636060034027
150.875	0.39727087828480195
151.	0.5215596385699044
151.125	0.6361467098097264
151.25	0.7359528975641292
151.375	0.8167121302557271
151.5	0.8752085463722201
151.625	0.9094499786895935
151.75	0.9187674596417141
151.875	0.9038349393306234
152.	0.8666083302853717
152.125	0.810187965466261
152.25	0.7386132696945251
152.375	0.6566026073407477
152.5	0.5692546227255233
152.625	0.4817297266194511
152.75	0.3989315580700905
152.875	0.32520819333622464
153.	0.26409158746608835
153.125	0.21809129990000892
153.25	0.18855512564253524
153.375	0.17560504213816058
153.5	0.17815215164695225
153.625	0.19398934450290914
153.75	0.2199555388580174
153.875	0.2521608707322461
154.	0.28625839355040805
154.125	0.31774493641689
154.25	0.3422719463673334
154.375	0.3559465153225054
154.5	0.35560340634125254
154.625	0.3390307078019602
154.75	0.30513464537683893
154.875	0.2540328894337349
155.	0.1870701726680677
155.125	0.10675490047463493
155.25	0.016620391581591232
155.375	-0.07898087995884326
155.5	-0.1751374532479355
155.625	-0.2666774337233725
155.75	-0.3484869617743199
155.875	-0.41582883089722367
156.	-0.46464142130366765
156.125	-0.49179928027476816
156.25	-0.49531900797580747
156.375	-0.47449745308508373
156.5	-0.42997337929538415
156.625	-0.36370847388198824
156.75	-0.27888854099468174
156.875	-0.17975064669986007
157.	-0.07134655449438518
157.125	0.040743274706551535
157.25	0.1507277895127666
157.375	0.2529362490564741
157.5	0.3421418143804407
157.625	0.4138581783580967
157.75	0.46459124863228274
157.875	0.4920306754965972
158.	0.4951697327524506
158.125	0.4743464836813527
158.25	0.4312040217834085
158.375	0.36857256540393846
158.5	0.29028099723624323
158.625	0.2009097755030577
158.75	0.10550073459753796
158.875	0.009241916684127549
159.	-0.08285293002524846
159.125	-0.16625027788726354
159.25	-0.23716922772137275
159.375	-0.2928035958187927
159.5	-0.33148006194477897
159.625	-0.35274278801350695
159.75	-0.3573595374274906
159.875	-0.34724924987017114
160.	-0.3253359487326949
160.125	-0.2953384716861283
160.25	-0.2615095318278137
160.375	-0.2283407871652564
160.5	-0.20025272252481988
160.625	-0.181289097879459
160.75	-0.17483543143067143
160.875	-0.1833794823423862
161.	-0.2083290704259001
161.125	-0.2498989819396839
161.25	-0.3070743854502277
161.375	-0.3776533887849648
161.5	-0.4583664060554475
161.625	-0.5450651817006077
161.75	-0.6329699370290689
161.875	-0.7169594370325596
162.	-0.7918860501805093
162.125	-0.8528962618008114
162.25	-0.8957367036431805
162.375	-0.9170266039745668
162.5	-0.914479592651087
162.625	-0.8870608887261779
162.75	-0.8350698628444013
162.875	-0.7601425572541634
163.	-0.6651736780980538
163.125	-0.5541625417681368
163.25	-0.43199215133202695
163.375	-0.3041547090091105
163.5	-0.1764401800541795
163.625	-0.05460680675337462
163.75	0.055946413196150124
163.875	0.15048539112286843
164.	0.22520621280196063
164.125	0.27744395962269996
164.25	0.3058125274955339
164.375	0.3102671468895941
164.5	0.2920860784519358
164.625	0.25377294328929934
164.75	0.1988860359062781
164.875	0.13180545773437458
165.	0.05745272177157747
165.125	-0.019019622132069522
165.25	-0.09254898573147174
165.375	-0.15847440722765255
165.5	-0.21281956421251816
165.625	-0.25252965568693997
165.75	-0.2756475982864536
165.875	-0.2814188082432777
166.	-0.2703183304996808
166.125	-0.24399894983067616
166.25	-0.20516387211804116
166.375	-0.15737228844205323
166.5	-0.10479033613255817
166.625	-0.05190338767541741
166.75	-0.0032080176262595517
166.875	0.03709673120840065
167.	0.0653991172519208
167.125	0.07892702644441346
167.25	0.07594671885677978
167.375	0.05589521183025742
167.5	0.019437670031618504
167.625	-0.03155413020473924
167.75	-0.09410124767612257
167.875	-0.16428903047778465
168.	-0.23750014724651655
168.125	-0.30869488357291014
168.25	-0.37272139711893554
168.375	-0.4246367045451749
168.5	-0.46001844734666986
168.625	-0.47524799817429064
168.75	-0.46774719311030477
168.875	-0.43615380239496726
169.	-0.3804246073727814
169.125	-0.30185940229595354
169.25	-0.20304411013900614
169.375	-0.08771618963524057
169.5	0.03943969314943353
169.625	0.17305344888217064
169.75	0.3073729752347713
169.875	0.4365907915572173
170.	0.5551740607104849
170.125	0.6581779514235375
170.25	0.7415233241932567
170.375	0.8022219285226699
170.5	0.8385355423186552
170.625	0.8500595642286282
170.75	0.8377262333381635
170.875	0.803727608537885
171.	0.7513633843533531
171.125	0.6848232443852923
171.25	0.6089174709727171
171.375	0.5287726913028931
171.5	0.44951175024250245
171.625	0.37593762835913314
171.75	0.31224101314639646
171.875	0.26174960258139346
172.	0.22673456879657006
172.125	0.20828600157021593
172.25	0.20626481170776412
172.375	0.21933377380894428
172.5	0.24506542559790395
172.625	0.28011972611920855
172.75	0.32048000760352374
172.875	0.3617321077036242
173.	0.3993688672843747
173.125	0.429100592247632
173.25	0.4471517047870405
173.375	0.45052467322977513
173.5	0.43721435644766526
173.625	0.40635900125339175
173.75	0.3583180960399295
173.875	0.29467186424834246
174.	0.21814209176829402
174.125	0.13243891717394018
174.25	0.04204286527033543
174.375	-0.048064517194692236
174.5	-0.1327048139989616
174.625	-0.20682285020178195
174.75	-0.26580288055452966
174.875	-0.3057611599362393
175.	-0.3237966103471005
175.125	-0.3181838475480544
175.25	-0.2884963598129707
175.375	-0.2356519228713162
175.5	-0.1618771229316294
175.625	-0.07059284674326054
175.75	0.0337725254339032
175.875	0.14603102396965362
176.	0.26052911689223923
176.125	0.37147003549939894
176.25	0.4732448252437678
176.375	0.560752009247369
176.5	0.629686455610097
176.625	0.6767799429405903
176.75	0.6999789030979656
176.875	0.6985487007138778
177.	0.6730983447873609
177.125	0.6255244369972209
177.25	0.5588781397082594
177.375	0.47716368510264595
177.5	0.38508115157771544
177.625	0.287729643895128
177.75	0.19028941836044655
177.875	0.0977027449294402
178.	0.014373317732891355
178.125	-0.05609718621360921
178.25	-0.11111916714256592
178.375	-0.14925892235445176
178.5	-0.17030753678442562
178.625	-0.17527086189961522
178.75	-0.16628154996838485
178.875	-0.1464389947281569
179.	-0.11958754373929481
179.125	-0.09004721107742243
179.25	-0.062314090883578366
179.375	-0.04074956759472384
179.5	-0.029278119396441704
179.625	-0.03111297394310758
179.75	-0.04852713314700924
179.875	-0.08268444533507013
180.	-0.13354164506998972
180.125	-0.1998278374685467
180.25	-0.27910305168083965
180.375	-0.3678925295822415
180.5	-0.46188865963970005
180.625	-0.5562082087932326
180.75	-0.6456890125285895
180.875	-0.7252077731152782
181.	-0.7899992452046362
181.125	-0.8359569427642404
181.25	-0.8598965916162103
181.375	-0.8597658107728867
181.5	-0.83478679376973
181.625	-0.7855228747108236
181.75	-0.7138645478228672
181.875	-0.6229354734802439
182.	-0.5169239399518505
182.125	-0.4008498522166469
182.25	-0.28028130147284547
182.375	-0.16101788423681584
182.5	-0.04875999480417559
182.625	0.051215818241297534
182.75	0.1343557156554081
182.875	0.19708352886277175
183.	0.23699640952308287
183.125	0.2529894220124298
183.25	0.245301721361955
183.375	0.21548179843688986
183.5	0.16627426444128163
183.625	0.10143547857629918
183.75	0.025489696175916933
183.875	-0.05655894123795607
184.	-0.13954056352788835
184.125	-0.21844029909108503
184.25	-0.28870564391247877
184.375	-0.34652143401167235
184.5	-0.3890354545315899
184.625	-0.4145208433550246
184.75	-0.4224654295138867
184.875	-0.41358273834877723
185.	-0.3897443101311774
185.125	-0.3538379104083531
185.25	-0.30956085143973067
185.375	-0.26116170567925584
185.5	-0.21314692136767727
185.625	-0.16997104584264283
185.75	-0.13573028743620144
185.875	-0.11387893796742049
186.	-0.10698674785788809
186.125	-0.11655278384296958
186.25	-0.142887764664123
186.375	-0.18507258312586267
186.5	-0.2409959504876899
186.625	-0.3074691386157713
186.75	-0.3804109557049237
186.875	-0.4550916743202544
187.	-0.5264209114154149
187.125	-0.5892616709336526
187.25	-0.6387510748770648
187.375	-0.6706078339920545
187.5	-0.681407274900089
187.625	-0.668806699913405
187.75	-0.6317068879895215
187.875	-0.5703394626395029
188.	-0.486274412378201
188.125	-0.38234696875703045
188.25	-0.262508020986924
188.375	-0.131606966007337
188.5	0.004879934335888998
188.625	0.1411592505829859
188.75	0.27144934728901027
188.875	0.39030862818074846
189.	0.49294312831867293
189.125	0.5754747932355109
189.25	0.6351542144797211
189.375	0.6705050225907521
189.5	0.6813913592535293
189.625	0.6690045982429516
189.75	0.6357704651172924
189.875	0.5851826094281859
190.	0.5215732062978184
190.125	0.44983502612340176
190.25	0.3751123726218371
190.375	0.3024801671687193
190.5	0.23663113556937404
190.625	0.18159049077704537
190.75	0.14047573754352216
190.875	0.11531636335124834
191.	0.10694440303195679
191.125	0.11496240789166906
191.25	0.13779049180433667
191.375	0.17278916938831582
191.5	0.21644995390038216
191.625	0.26464144059332906
191.75	0.3128951291761546
191.875	0.35671275291655646
192.	0.391875536645727
192.125	0.414735685234221
192.25	0.42247151552003903
192.375	0.41328991898043443
192.5	0.3865631380249922
192.625	0.34289095041946543
192.75	0.28408402795532917
192.875	0.2130691760723495
193.	0.1337220629201492
193.125	0.050637603842300566
193.25	-0.031147903647724247
193.375	-0.10646574377167302
193.5	-0.17033570346469143
193.625	-0.21827900651601367
193.75	-0.24660375472471568
193.875	-0.25264502125240335
194.	-0.23494450448530813
194.125	-0.19335835473257199
194.25	-0.12908620152850492
194.375	-0.04461926243120906
194.5	0.05638959600324395
194.625	0.1693261575378874
194.75	0.28887348333829294
194.875	0.4093132308547792
195.	0.5248513903256442
195.125	0.6299486555241387
195.25	0.7196353588770297
195.375	0.7897918550789091
195.5	0.8373773725874039
195.625	0.8605935363519204
195.75	0.8589728001508877
195.875	0.8333866625290989
196.	0.785973488833958
196.125	0.7199907161801871
196.25	0.6396008709793096
196.375	0.5496048914231262
196.5	0.4551394682251816
196.625	0.3613572966040795
196.75	0.2731101363118401
196.875	0.1946543429719823
197.	0.12939707853501875
197.125	0.07969882268618206
197.25	0.04674425221966272
197.375	0.030489253593647625
197.5	0.02968705336187258
197.625	0.0419914899013176
197.75	0.06413061694702413
197.875	0.09213942596197354
198.	0.12163677457661615
198.125	0.14812884263976944
198.25	0.16731977805498727
198.375	0.17540974486166427
198.5	0.16936137396085868
198.625	0.1471175934184482
198.75	0.10775685732495036
198.875	0.051575710314484324
199.	-0.019906824968656422
199.125	-0.10402365133068134
199.25	-0.1971084629855251
199.375	-0.2947100677701057
199.5	-0.3918590376632684
199.625	-0.483370251109177
199.75	-0.5641626018398838
199.875	-0.6295760230246308
200.	-0.6756660835591441
