t	x	y
0.	1.8094434134885498	0.0005173127444187795
0.125	0.5671495978302191	0.02965678309367294
0.25	0.19662403602600007	0.06509807905185563
0.375	-1.0978562946516939	0.10111921436773078
0.5	1.6221334079026308	0.12105234250951706
0.625	-0.24360789560696783	0.16260953767999606
0.75	0.5909612735646981	0.2002487791924875
0.875	-0.2723295296264683	0.23934211658501403
1.	0.08383823526925355	0.27008998627328046
1.125	1.6359132210044949	0.30134765952636555
1.25	1.3251565887144463	0.348102107147888
1.375	-0.568944728655634	0.41499034442950716
1.5	-0.311573072641372	0.4618829250689802
1.625	0.7369160897652357	0.4963341830207318
1.75	1.2831414283934424	0.5349343384509717
1.875	-0.41145157794575365	0.5855394695675237
2.	1.6042951378273598	0.6173598627052577
2.125	-1.004430730120604	0.6677415867047959
2.25	-0.2771888031443258	0.6895179928770075
2.375	-0.35841869172747964	0.6972927480998138
2.5	-0.45407566121259085	0.6845275847094108
2.625	-0.7728813548951031	0.6564210530966116
2.75	-1.3845445039967446	0.6072375812702602
2.875	0.09313807073062226	0.5263956155367819
3.	-0.5885688446465835	0.43962809524976415
3.125	1.1926987571537693	0.3385173628645428
3.25	-1.2332208449074533	0.25218538530329315
3.375	-0.9462889405068083	0.14535026494778824
3.5	-0.20226262113593488	0.019714024834401375
3.625	-0.5328013884087189	-0.10437046693135527
3.75	0.7807195902043101	-0.23682263259899436
3.875	-1.18473785852703	-0.35215983849704074
4.	0.13170221607385843	-0.4757920365678463
4.125	-0.7855715681212274	-0.588819432181072
4.25	0.3870115689129345	-0.7083408642480176
4.375	0.21583557426540548	-0.8030276046937483
4.5	-0.3803284877967726	-0.886374836744246
4.625	0.4016575208778187	-0.9547579363339338
4.75	-1.148195168777808	-1.005013885843103
4.875	-1.7026758764287089	-1.0562342463933159
5.	-0.09869120114869599	-1.1181263719810144
5.125	0.27073125654654984	-1.1587417080248186
5.25	-0.7859013540836084	-1.1791409962012367
5.375	0.9568394719827916	-1.1962855931129217
5.5	-1.3968100402774606	-1.176445869336757
5.625	0.7431683075095635	-1.159025549933287
5.75	-0.1308572085210952	-1.1154144870676703
5.875	0.9175145787153429	-1.0536657560507403
6.	-1.4331883975498159	-0.9658382270985133
6.125	1.5882909103877112	-0.8825137015610292
6.25	1.2715192902990957	-0.7645919998123083
6.375	0.2676387245647085	-0.6140912817089134
6.5	1.7661954966939335	-0.4534019558822232
6.625	-0.5217300016400044	-0.25997253120706915
6.75	0.17362682999269885	-0.07187168878193287
6.875	0.16548257363597252	0.11770364272516062
7.	0.9411525510468071	0.304224039504502
7.125	-0.1151497902585456	0.4997640156345347
7.25	0.7315539892078851	0.683017421203169
7.375	-0.7423420413844974	0.8657517647618631
7.5	0.5743114152579069	1.0196698174524186
7.625	-1.4447412784572438	1.164076786677309
7.75	1.921350304372712	1.2660623057277645
7.875	-0.28147919889918266	1.3790365806635532
8.	0.8667920113336074	1.463654491948398
8.125	0.3844348745959273	1.536511302905296
8.25	1.3144721180404293	1.5919103622526194
8.375	0.6985707194179759	1.6419080320233979
8.5	-0.50793771080798	1.677014245791784
8.625	-0.9781359296131497	1.6773095317709679
8.75	-0.5277865127393049	1.634256403325509
8.875	0.5390741243874306	1.5597713521069296
9.	0.9424225085890211	1.4681344361463742
9.125	0.08190543578845755	1.372885727048924
9.25	-0.4802281244114751	1.2559416229438174
9.375	0.2759217938946525	1.1158976639809997
9.5	-1.1405338263405618	0.963773470973868
9.625	0.8694130405501123	0.7795404109079639
9.75	1.2372783273606607	0.5998479797201686
9.875	1.8247984988333834	0.43008765136145377
10.	-0.6629457759425681	0.28747168416021335
10.125	-0.6258101594426381	0.13062800307772468
10.25	-1.9659605465818366	-0.035492908224306785
10.375	0.5855019307300942	-0.23084317776242347
10.5	1.7658185189515083	-0.41003400941914697
10.625	1.4091759654071234	-0.5548571278649153
10.75	1.785984867686528	-0.665044031499227
10.875	2.117731134233418	-0.7394002682355507
11.	0.07734075442444394	-0.7632347653654576
11.125	-0.6507698708221538	-0.7739132061379715
11.25	0.9226859872990625	-0.7846803832622554
11.375	-1.0983346764551394	-0.7690687278165123
11.5	0.3662175464908796	-0.7573884030372489
11.625	-0.9762431781138808	-0.7290618112771511
11.75	-1.302390683774409	-0.7046084517293585
11.875	0.9014176292050595	-0.6897496972493918
12.	0.8030769088648495	-0.6498695205538675
12.125	-0.13798056979927512	-0.5889298655904773
12.25	-0.22390550651242938	-0.5227904278907523
12.375	-0.36422583979895296	-0.4490337106879458
12.5	1.0504298477956489	-0.3753327348957888
12.625	-1.931517620422674	-0.28275386134797265
12.75	-2.057372327725467	-0.21757827622435424
12.875	1.081938066718427	-0.18023875196358474
13.	-0.6337164046072439	-0.12158106673395681
13.125	0.10990687699966258	-0.0763277208964333
13.25	0.7167690299918575	-0.02550030343688585
13.375	-0.09777806771260873	0.03392139007255235
13.5	-0.27076323150822196	0.09409621637115666
13.625	-0.091901020053031	0.14472167660208882
13.75	1.2052904461911402	0.19382595504808522
13.875	1.5321438346251266	0.25553542959743514
14.	-0.1147198615716825	0.33711804396714984
14.125	-0.10168189668238385	0.4103981530346383
14.25	0.24189171037570742	0.47497901731749603
14.375	1.104332871627463	0.5346337584698504
14.5	-1.5486022119484792	0.6038377335337864
14.625	1.1946586029144695	0.6390878535491485
14.75	0.6686394136173982	0.6818495827281909
14.875	-1.1905764067452533	0.722883960506125
15.	-1.3781319224135324	0.7314848415758898
15.125	0.3611193558684356	0.7102674559977022
15.25	-0.537949097657643	0.6835270982402428
15.375	0.6678506201641048	0.6363274637102825
15.5	-0.7300512608639455	0.5938183286306878
15.625	0.5103096881095062	0.5258069775026452
15.75	-1.162277710555826	0.4635023793337917
15.875	0.16542444486533942	0.37503384966746134
16.	0.58868325898651	0.281954127807679
16.125	0.2033746912182302	0.19634489200606361
16.25	-0.47244524117574555	0.11505241977318226
16.375	-0.32527568122308814	0.02019167016366758
16.5	-1.2958709773843973	-0.07365983184290327
16.625	-0.09796658479409273	-0.1905974601101082
16.75	-0.5344720499352815	-0.30043643446420454
16.875	-0.44569653130827946	-0.41469723278085185
17.	1.789266930515477	-0.5262320464884177
17.125	0.12426885275156517	-0.6028034890278727
17.25	0.951265391719326	-0.6671880171321966
17.375	-0.21285973402311006	-0.7009346903061905
17.5	1.1485377695366477	-0.7301780291960945
17.625	-0.0871906829130468	-0.7283701058635451
17.75	0.04063839312813996	-0.7201570671247937
17.875	0.6156627724800008	-0.6962211849505241
18.	1.5021097279220312	-0.6553040197963726
18.125	-0.3587698936329072	-0.5777433154120136
18.25	0.31827672652774186	-0.4990150382390695
18.375	0.5485868202412656	-0.4074101065741562
18.5	-0.9787801670758872	-0.30537147133550274
18.625	1.1814784746505136	-0.2116587041040055
18.75	-0.8103777862820633	-0.0987040003250447
18.875	1.0738662846760636	0.0030591355762363873
19.	-0.6409398367896344	0.11932802233558915
19.125	-0.2629438050343444	0.22190163920073472
19.25	0.441173289456931	0.3152195745304828
19.375	0.023929712509952062	0.4073328121683263
19.5	0.06376153216043925	0.4966947741476342
19.625	0.25333957271559093	0.5736871552992534
19.75	-0.01511526067571232	0.6475879168458357
19.875	-0.1606096507308149	0.7130507035688479
20.	0.38853234027600964	0.7602650223863161
20.125	-1.1517414816294655	0.8002375959410588
20.25	-0.2850383679272812	0.8102657875861707
20.375	-1.6814722562264162	0.8024722194127889
20.5	-0.10769299141100483	0.7583644848926167
20.625	0.6992123601010699	0.7020851637529323
20.75	1.5122054046981688	0.64439891456611
20.875	0.7112635453563743	0.6000746847499203
21.	0.8154598637989802	0.5577569874768415
21.125	-0.6812431866708666	0.5200186944929658
21.25	-0.1253596547605934	0.4647735342580374
21.375	-0.008299645902736935	0.40220386022363636
21.5	-0.2641215393345152	0.334555429434659
21.625	-0.4775391331656173	0.2550953586579749
21.75	-0.3379460124026762	0.1690196035800509
21.875	-1.626655375261143	0.07324948331855857
22.	-1.538176904212979	-0.048263693793821144
22.125	0.2377819336398671	-0.1888888873747728
22.25	-0.33691874641092157	-0.32280865398109654
22.375	-0.8591114174740809	-0.45414566205756673
22.5	-0.7670421783147873	-0.5941959994854586
22.625	0.31763625027229647	-0.7312580240405392
22.75	-1.4752355698027826	-0.8490800311668198
22.875	0.31526186533074274	-0.9767389016330787
23.	-0.003872507140372519	-1.0836099244728639
23.125	0.553785371557414	-1.1731189661198886
23.25	-0.6635758855334333	-1.2335450328998574
23.375	0.2834968144879051	-1.2839787189463279
23.5	0.5560151794201725	-1.3064851941245517
23.625	-0.7462824369063431	-1.3022804283175997
23.75	0.7687302470169086	-1.2917768461916466
23.875	0.29121728471242025	-1.2451267931747985
24.	-1.0614022315391194	-1.1762611057121224
24.125	-2.3254744906512435	-1.1097268641354492
24.25	0.22764884706954516	-1.0595770189357394
24.375	-0.020001303036792983	-0.9877790941282477
24.5	0.19994584687201103	-0.9069076128091426
24.625	-0.16492894536893724	-0.8069771467108253
24.75	-0.15841588891051617	-0.7001153825283072
24.875	-0.06551356904747753	-0.5835100043606164
25.	-0.4291253572738485	-0.4632347642013409
25.125	-0.10997518160042963	-0.3385888914795148
25.25	-0.1207996011613163	-0.21731027401466418
25.375	0.11223625916368056	-0.09476740826496306
25.5	0.2475491838689592	0.030870717305502303
25.625	1.4310390826135437	0.15739907865211936
25.75	-0.4299924027900037	0.3035472905516932
25.875	1.5925207835774748	0.43160530693320703
26.	1.0581626146363095	0.5821680390813266
26.125	0.6021222355978396	0.7349968081700614
26.25	-1.1481804009951544	0.8857004804373805
26.375	1.4450666693560519	1.001037310161246
26.5	-1.14964948708726	1.1205002041644618
26.625	0.26120931761720817	1.2083702335176372
26.75	-1.8550805335271863	1.2754358090649585
26.875	0.6280267763606862	1.2938275492627203
27.	0.32635988251776865	1.3030192878346534
27.125	0.9742615639691518	1.2948801094939657
27.25	-0.9673275364963223	1.281907417360424
27.375	-0.42461343205008806	1.2385514380633258
27.5	0.37842949311413443	1.1651395206532813
27.625	0.2090239396010672	1.0815630573001898
27.75	-0.08823490521158073	0.9833652093321421
27.875	0.4668364902728369	0.8705125050973068
28.	-0.726813904735951	0.7541382139450761
28.125	-0.05217699586830597	0.6181338426800401
28.25	-0.21465272456443854	0.4695929676661979
28.375	0.45206407748429867	0.31202907397198093
28.5	-1.4181802634070075	0.16283953763749492
28.625	-0.7825688037623088	-0.013684776165230464
28.75	1.187672028247394	-0.19824264492114857
28.875	-1.1105570140460408	-0.3584611763470817
29.	-0.08458402521668398	-0.5298517136693669
29.125	-0.5528940392079783	-0.6894739351411102
29.25	-0.7222139067544944	-0.8479806308783412
29.375	0.02057217377950029	-1.0000764075586532
29.5	0.7186145687062263	-1.1370417785580382
29.625	1.0096994194054136	-1.2414962942328687
29.75	1.6098668392768438	-1.3083052013349359
29.875	-0.42021799329516574	-1.3293712368649608
30.	-1.2117390804421244	-1.3364790546257934
30.125	-0.9773818180499335	-1.3450703719515382
30.25	-0.012513688358887007	-1.3407065499543807
30.375	-0.9911525410399884	-1.3206993691264062
30.5	-1.3325816814638163	-1.2956401172797722
30.625	-0.15287825029225277	-1.2687679981778315
30.75	0.6320011108353	-1.2280535098532013
30.875	-0.4879573358278159	-1.155393057685175
31.	-0.21632015309520028	-1.0767569656756109
31.125	-1.0832748031374466	-0.9827783574741032
31.25	-0.5552895353884447	-0.8910750283421499
31.375	0.547786331590385	-0.7978873479566482
31.5	0.16555581904018474	-0.6822987635011789
31.625	0.44869453830744205	-0.5571625840510173
31.75	-0.1528582547610076	-0.4167236210197728
31.875	0.9124972863548587	-0.2740782031405486
32.	-1.156935385168009	-0.11438790393586887
32.125	-1.0112102819068627	0.02465175311579476
32.25	-0.7180246323326662	0.14693246149464953
32.375	1.0424506900081627	0.2549593333147024
32.5	-0.2285488793798132	0.37708765013414935
32.625	-0.2206206510982935	0.4855222642196723
32.75	-1.7261505143872078	0.5780019234284717
32.875	-0.1493516561868091	0.6382955235532743
33.	-0.7298572032620021	0.6822439110226338
33.125	-0.42530896788519734	0.7071535576634422
33.25	2.130770783882385	0.7092877515985653
33.375	-0.6486486320385909	0.7397018517726115
33.5	-1.307887545815035	0.7410258168579639
33.625	0.018075124194701447	0.7148677254111606
33.75	1.3051362577246872	0.6773358421137036
33.875	-0.6116823090340118	0.6519581497521665
34.	1.3997515988377316	0.6027725853415911
34.125	0.33453432233416114	0.5702660145404456
34.25	-0.990680896019612	0.532365227739004
34.375	-0.2254402242705535	0.47147683189564094
34.5	-0.8442919525877013	0.4006503806128543
34.625	-0.5827462956639622	0.31466705127072486
34.75	0.7544395159120204	0.2097248084425162
34.875	3.0505162253759583	0.12054042075279885
35.	0.6535064925251032	0.07296829588198041
35.125	0.8021514616042972	0.03941912459490805
35.25	-0.9437236074622181	0.015601721943096109
35.375	-1.2036307185446715	-0.022621853020827136
35.5	-0.08897975218543533	-0.0810169961829558
35.625	-2.159045977529033	-0.13461825351094023
35.75	-0.7461553371743372	-0.22212161714437836
35.875	-0.18066464114912967	-0.31424937084149995
36.	0.16014386353996352	-0.40334114609508515
36.125	-2.4819760193897262	-0.4861670167835022
36.25	-0.7966591783863185	-0.5946295244122383
36.375	-0.5787639579631462	-0.7055565457754219
36.5	-0.49534621292077013	-0.8154761167364007
36.625	-0.5679332826116666	-0.9191046294130955
36.75	-0.9343847222044046	-1.0146111631312555
36.875	0.325043770378783	-1.1092566712619478
37.	1.6969637822385235	-1.1789177767476837
37.125	1.1585399460527903	-1.199031484840193
37.25	-0.42798826775735865	-1.188142220977613
37.375	0.5888880389545972	-1.160954535326322
37.5	-1.4698245673462325	-1.1102647346457934
37.625	-0.3948293265444054	-1.0664127032567245
37.75	0.998888658439615	-1.0087090497510065
37.875	0.6800476320671549	-0.9229072911166389
38.	0.24782151786452014	-0.8139275164765261
38.125	1.023192930649956	-0.6877887654737151
38.25	-0.6026888135278963	-0.536167465202826
38.375	-0.05367831930809331	-0.3867132831411589
38.5	1.7239374642605767	-0.23825017455706266
38.625	-1.279454744732705	-0.057955777179375834
38.75	-0.6560270294517996	0.10151048901100969
38.875	0.24405090545581715	0.24672320102626766
39.	-0.06872920498267436	0.3888650021986209
39.125	0.3792948194951629	0.5238403463170369
39.25	-0.14885724737080097	0.6508558368707098
39.375	-0.489432132467286	0.7698319503028754
39.5	0.17619007502504158	0.8652657715733548
39.625	-1.3601566261422462	0.9448433631766733
39.75	0.5223928834703948	0.9926922278401517
39.875	0.6633419281099212	1.0281181531155272
40.	0.23163992056397667	1.0633796261503765
40.125	0.5538520549795265	1.0790913273861382
40.25	-0.9355446599621005	1.090137195660025
40.375	-0.7533914795746308	1.06689770360886
40.5	0.048604613201033174	1.0183460245546914
40.625	-1.5805081115914534	0.9514056905092152
40.75	-2.0893330273350608	0.8516470529317365
40.875	-0.8999861449606817	0.7028442025268329
41.	-0.1736070541562526	0.5291626056153903
41.125	-0.8504508324701572	0.34977393908515997
41.25	0.18451255870939112	0.15212109712238814
41.375	1.002610239064571	-0.04034792109655458
41.5	0.15889280037782857	-0.2148025515217075
41.625	0.5287265001374829	-0.38315742958298854
41.75	-0.015588130474995299	-0.5312798012470206
41.875	-0.38766208443044037	-0.674194573841891
42.	0.10765280180444901	-0.8077834676131368
42.125	0.17027994716561645	-0.9258056782850189
42.25	-0.44281463293070894	-1.02561133740673
42.375	0.7845871204697517	-1.1161696394562954
42.5	-0.46465210155422026	-1.173741685226444
42.625	-0.4666755516841263	-1.221951099482816
42.75	1.1377970482206075	-1.2560890325822445
42.875	0.2779438138102752	-1.2520279507860723
43.	-1.22978814155555	-1.22538278220514
43.125	0.16059356479215253	-1.197635042889221
43.25	0.08747060344568154	-1.1484524581149969
43.375	0.6538992917391254	-1.084393105828969
43.5	1.0057232228726722	-0.9895505313509808
43.625	1.5358114623779404	-0.8692761974127305
43.75	-0.8935612659921641	-0.7088577512137108
43.875	0.27384842673296084	-0.5569399250743847
44.	0.12427447908523968	-0.38987868631206035
44.125	-0.7263145593238511	-0.21831149429968696
44.25	-1.8451253207207008	-0.06081932004691385
44.375	0.802683814569503	0.07186254302268835
44.5	-0.4772550601763861	0.21281585569318434
44.625	-2.6586250032364096	0.34251062239181473
44.75	1.4899611294744817	0.42106170074268856
44.875	-1.813335115309179	0.5147587515248911
45.	0.10967167892289753	0.5721538598812465
45.125	-0.2168576458244034	0.6226534977734297
45.25	-0.1747146050220421	0.6586231082538714
45.375	0.17246494678177476	0.6827576410907539
45.5	0.1819166961650957	0.6961860532921014
45.625	-0.9643322037115328	0.7051234544723494
45.75	-1.9027925967487822	0.6847352493391519
45.875	1.675050027500404	0.6241650871603223
46.	-1.7095689735370736	0.5797559959003826
46.125	1.027188951134774	0.5000859729131832
46.25	-0.5376389743592639	0.4315579452501733
46.375	0.68519571557338	0.3510369100964478
46.5	-0.6829708730326173	0.2706507826341136
46.625	-0.00487843043086727	0.1810420977500962
46.75	-0.36019339737172645	0.08887102426601366
46.875	-0.9447782424990877	-0.009865426385523826
47.	-0.8499132595607981	-0.12113984796028322
47.125	0.3621058518171809	-0.24412213479930053
47.25	-0.4963123437627716	-0.35446337683763285
47.375	-0.8112293040749993	-0.4652752997334824
47.5	-0.10259103335829138	-0.5811994649194873
47.625	-0.8295324087921372	-0.6880030574798428
47.75	1.3094095982816605	-0.7974639485269466
47.875	0.8844243132775721	-0.8703561494724723
48.	-1.1640098350262083	-0.9151120190718188
48.125	-0.32355897889248575	-0.9635869841845479
48.25	0.19292267307242456	-1.0029490318192187
48.375	0.6193134334861232	-1.02233977112268
48.5	-0.3233704532772773	-1.0136173386392238
48.625	1.2891395281381202	-0.9947563372816295
48.75	0.07527053469618035	-0.943601591801177
48.875	1.6026277942340752	-0.8744440736691361
49.	-0.3139300586339359	-0.7657518641126572
49.125	-1.0214417520542887	-0.6530345189278989
49.25	1.566995433140845	-0.5500428824654057
49.375	1.205869438888264	-0.41193499282934753
49.5	-1.2118219807033894	-0.25132717781830716
49.625	-1.369499786187264	-0.11064418653337561
49.75	1.4371387032496417	0.012631270684323577
49.875	-0.5860943439304366	0.1545942304313489
50.	2.055300807625345	0.2857807458618964
50.125	-1.4239689894664669	0.44150922804243753
50.25	0.00038872388305251436	0.5622522167091079
50.375	1.749274981637012	0.6766560371385851
50.5	-0.3680036063427176	0.8078369049606237
50.625	-0.1536296693982942	0.9168904720906588
50.75	1.090497740640795	1.0088072551525424
50.875	-0.6822930405845088	1.1003260176115646
51.	-0.37289331173087237	1.1609442902000169
51.125	1.2415270910660239	1.1991716925752935
51.25	-1.2758688858747471	1.2378372244979674
51.375	1.4872574661243034	1.23296146673973
51.5	0.3031502147920278	1.23646441920049
51.625	-1.8292049104846446	1.2226951844823015
51.75	1.048905979509709	1.165695977580357
51.875	1.4930696444964482	1.1036688830386925
52.	1.3784337608582606	1.0475738264870245
52.125	-0.30775378654389096	1.0009363601556214
52.25	-0.42111919151654004	0.9321453917841873
52.375	-0.3034767006941448	0.8439248686374076
52.5	1.8083417059012294	0.7363846950742301
52.625	0.27218421488410993	0.6515005812522485
52.75	-0.254703533337158	0.55966924710189
52.875	0.5994214990947769	0.4536213701907807
53.	-0.32713346473190236	0.354677107840699
53.125	-1.0465553873337794	0.24660348058166287
53.25	-0.5870147039839806	0.11767965105760703
53.375	-1.1724601339087664	-0.021647097592076274
53.5	-1.4366811185679573	-0.176346140754943
53.625	-1.5630225383992082	-0.3456169630870798
53.75	-1.2880515666475891	-0.5355769124639098
53.875	-0.4293813452184784	-0.7324669783378553
54.	-0.10746952933691717	-0.9236241271902257
54.125	0.6553991142712285	-1.0995275648870164
54.25	-1.1448167009297963	-1.2473179529490002
54.375	0.8722564792809131	-1.388747066468205
54.5	-1.1697271865784502	-1.4928026605099431
54.625	-1.856993565051173	-1.5923059343154948
54.75	-1.7695639542456918	-1.695954547411843
54.875	0.12087036084464474	-1.7980855336770285
55.	-0.5174188915183526	-1.8700011662794482
55.125	-0.11069892348547838	-1.9158630326161672
55.25	-0.3294777453256154	-1.9345280980988862
55.375	-0.7935040883125072	-1.9314443725896937
55.5	0.12100251939075508	-1.9063967344983486
55.625	0.5869287284014356	-1.8520289824428715
55.75	-0.5394150237376678	-1.7599381331901223
55.875	-0.6900671606516272	-1.650996511742371
56.	0.0494072679412416	-1.5275768472951294
56.125	1.108705697929731	-1.379984588517406
56.25	-0.19615053208905747	-1.1984586517018618
56.375	0.07254897131384289	-0.9987456719477107
56.5	0.7428071384309491	-0.7887174668613666
56.625	-1.4606816596827037	-0.5559327682972249
56.75	-0.17699694527683868	-0.34001766498913316
56.875	0.42976086691058707	-0.12252770701081471
57.	-0.24395504296596315	0.09666909373648622
57.125	0.33002313850159576	0.3105534589960137
57.25	3.135877056952141	0.5223576345348736
57.375	0.8784214411839313	0.7699071807885627
57.5	0.31410795938644254	1.0178965139323752
57.625	1.1813711937817173	1.251140090909298
57.75	0.08261417648333257	1.481601471465804
57.875	-0.2866583675941231	1.6866685928981588
58.	-0.8614038561741193	1.859342901967465
58.125	-0.15149930266101794	1.9838850750997858
58.25	0.8121139316460798	2.076330205700306
58.375	0.4188201723209305	2.1498922140437466
58.5	0.6686686818054164	2.1925471529692184
58.625	-0.3357743740584381	2.208921665838356
58.75	-1.4734956788444515	2.189743759750237
58.875	0.13324914810077526	2.1112962353997102
59.	-0.5516163016394394	2.0024723907894586
59.125	-0.6444999064582587	1.8539673170592543
59.25	0.04471318490537783	1.6731365116465233
59.375	-0.39838438951528565	1.4647322375978038
59.5	-0.11209828716236017	1.2330685249505235
59.625	0.9313335735042637	0.9806098297480117
59.75	-0.7776452144582487	0.7286826200815144
59.875	-0.6129992501089958	0.46146282370453723
60.	0.6218932246374699	0.17601695533427458
60.125	-1.7815661652208656	-0.09354094836570717
60.25	0.2796008809935529	-0.3921656771746638
60.375	-1.0948026034517016	-0.6732457905865822
60.5	-1.665182271973182	-0.9564216299721946
60.625	0.4921081310579228	-1.2491722298908112
60.75	-0.4862459116736477	-1.5111454851205588
60.875	0.1647104617962716	-1.7508757168409637
61.	-0.09250437072109646	-1.9593958119019552
61.125	-1.9846478287600091	-2.138572853614162
61.25	0.3076940227136986	-2.3117247296091543
61.375	-0.33926473876266605	-2.4376774154714993
61.5	-0.22376372647694598	-2.5341751251624496
61.625	-0.8523567860019557	-2.5911465397251114
61.75	-1.3605524048971593	-2.622499841575803
61.875	-0.17831291464025145	-2.6336696222740956
62.	-0.5281169289481238	-2.6024486876779642
62.125	-0.38019832028357214	-2.5404854842305014
62.25	0.0224820488645676	-2.44955074687236
62.375	-1.3809906859224526	-2.3153865968563294
62.5	-1.6461642518606718	-2.1746284852742925
62.625	-0.5848864781914024	-2.0207188287412574
62.75	1.5370911415648296	-1.8516012909560569
62.875	-0.4541851767839562	-1.6271561417979403
63.	-0.38015439102784465	-1.3906443874020895
63.125	0.1413035577422566	-1.1402940896354812
63.25	-0.6984734915388063	-0.8728185852771779
63.375	0.48982044380274586	-0.6052387843008395
63.5	-0.4226150325088554	-0.32658734179922483
63.625	1.0432407311148801	-0.052353390146074735
63.75	-0.0755231443982493	0.23993704659865803
63.875	-1.1812518756960515	0.5179147007494503
64.	0.9013690923283133	0.7696224846794091
64.125	-1.2192614956595638	1.0207199101704485
64.25	0.14646086862983662	1.2290294056043447
64.375	-1.606218250135625	1.4238641096749756
64.5	-0.09089483495134713	1.5628270293349984
64.625	0.6658560734894235	1.6807308410637758
64.75	-0.5323504624593527	1.7754696236348226
64.875	0.10606541728712364	1.837964907730855
65.	0.3198136448879913	1.8698584073610192
65.125	-0.4208002598657243	1.8776035584906001
65.25	0.9424686146150917	1.8494885898533293
65.375	-0.07445955629143872	1.804125260663371
65.5	0.1534301358895649	1.732728125198902
65.625	1.3104888796504819	1.639531349225528
65.75	0.05830282722449216	1.5405152196722995
65.875	0.12649249303693175	1.4198540709288126
66.	-0.11502677649628293	1.280524864940382
66.125	-0.8427902248814011	1.1198245356715646
66.25	-0.9946525956897948	0.9346064764207067
66.375	1.550026595801306	0.7177581121238985
66.5	0.7626874326035886	0.5180966019019566
66.625	-0.19164470989558666	0.3235199311876013
66.75	2.1634202979494663	0.12192753158693116
66.875	0.3369885714289711	-0.04324224421162925
67.	-0.7863264464725387	-0.20021298227043446
67.125	1.4524868711704206	-0.3632301522316457
67.25	1.2688448270209616	-0.4959649356615422
67.375	0.07519288540755918	-0.6040647263025288
67.5	1.9093887663943014	-0.6946200864946099
67.625	0.6683373195280381	-0.7443025147656238
67.75	-0.565757933161806	-0.7726560261136701
67.875	-1.2739133306875776	-0.7965736462960026
68.	-0.5451336487858154	-0.8297656855840864
68.125	0.3092781392046399	-0.8572954271124235
68.25	0.007703889356160347	-0.864021263178512
68.375	-0.13558130151791303	-0.8597026993275636
68.5	0.40412173715802213	-0.8422848604156484
68.625	-1.2104453111389082	-0.8053417479292527
68.75	0.6147900545372094	-0.7784639734729688
68.875	-0.31140629155666355	-0.7291662235451357
69.	-0.1926572716232802	-0.6724919084327833
69.125	-0.8939661754601345	-0.6089122112399313
69.25	0.7516264416433958	-0.5503175477555444
69.375	0.1519118477473354	-0.47204674474634706
69.5	0.48505296927579034	-0.38428057019062994
69.625	-2.0300172164800676	-0.28470909528383676
69.75	-0.6894504281556934	-0.21810079225701848
69.875	-1.092684142583693	-0.1534167480870071
70.	0.4646197029481903	-0.10683818953239158
70.125	-1.3434474694977707	-0.0502844251531663
70.25	-0.2761441757837585	-0.0198604962302201
70.375	0.25780710761644204	0.011638199255859195
70.5	1.4618716248693304	0.04328334870320036
70.625	1.5341886706730448	0.09848408752792741
70.75	-0.380044956182472	0.17496530727061785
70.875	0.7855409988342302	0.24307630609705372
71.	1.2958206355303543	0.3198861993782695
71.125	0.5889949810380649	0.4083481836833715
71.25	0.3329300704906153	0.4983687659167464
71.375	0.37750102936136815	0.5867673718041413
71.5	-0.729579287201944	0.6690434086813531
71.625	0.3956640382224277	0.7257017507820254
71.75	1.1951769810367079	0.7828058622314154
71.875	-1.6951625613155359	0.8388754299138473
72.	1.422692693292118	0.8601818985543485
72.125	0.2800306602811103	0.8887958035174772
72.25	-1.4064095420362221	0.9072880837795594
72.375	-0.18231692166828845	0.8870632805045529
72.5	0.7166922843815051	0.8547159894747927
72.625	0.5818497412086736	0.816994310355313
72.75	0.33983936871935966	0.7764451977412219
72.875	2.079151903735392	0.731725844501504
73.	1.0583671912768617	0.7072537922461676
73.125	1.4672028200087701	0.6859258267997693
73.25	-0.7909987480792929	0.6798450717742132
73.375	-0.9328230303607566	0.6533335230113195
73.5	-0.004823584984206851	0.5973061810461917
73.625	1.4263913937894193	0.5351507069749684
73.75	-0.23286191169730558	0.48777096872168973
73.875	0.8468185158774766	0.43216660906393534
74.	0.24482634543683005	0.37819630315337543
74.125	-0.33422076268877565	0.32890435240748306
74.25	-0.9264388605256365	0.26568364403081834
74.375	-0.3122789707466009	0.18297748555784604
74.5	0.4387379309839831	0.09749951487584817
74.625	0.1795929155083997	0.016088085507631515
74.75	-0.006503939019148877	-0.057993464223372766
74.875	-0.7556997736787883	-0.13615576765809817
75.	-0.6907390284188859	-0.2199581291461942
75.125	-0.12852612694450616	-0.3080519613667068
75.25	0.09988394914392072	-0.3935441419133216
75.375	-2.0049382201865082	-0.47314987235879696
75.5	-0.31609334820124496	-0.5720456631040166
75.625	0.7489857794832386	-0.6677502388607218
75.75	-1.31461675745315	-0.7392454820113382
75.875	-0.6736723784861499	-0.8193102729490648
76.	0.03151199768874161	-0.8940413483599248
76.125	1.2348784637672474	-0.9553356218003817
76.25	-0.9111012363494359	-0.9836010337177911
76.375	0.21009319040856278	-1.0086937050724198
76.5	-1.7147233228057106	-1.0141557902317462
76.625	1.7682037116339433	-1.0291874137993289
76.75	1.5912540300480775	-1.0006038617870272
76.875	0.4657151001585791	-0.9346687416353493
77.	-0.4893535567367689	-0.8458539770394151
77.125	0.689700028806007	-0.7513329422054175
77.25	-0.9679022134167241	-0.6358693974964696
77.375	-0.12380003319794729	-0.5281798737402744
77.5	-0.7823125156931012	-0.4162470240250711
77.625	0.6799941599290865	-0.31089889027495565
77.75	1.1357043068203607	-0.18994517593710653
77.875	1.6143681309316957	-0.050257539248339464
78.	-0.13409574830287668	0.11327617464375747
78.125	-0.7630548023665826	0.268338461667425
78.25	0.28589576067080175	0.40856746844246933
78.375	-1.6968354744823904	0.5464810522118846
78.5	-0.7967410766005875	0.6463281102406294
78.625	0.047039179515843216	0.7186687729562711
78.75	0.01792366489791227	0.7831047947789121
78.875	2.4603809138777444	0.8364976620212785
79.	1.8052507101156636	0.9098531745652935
79.125	1.2466273887952977	1.0007164456384507
79.25	-0.9618199177372614	1.093091959294706
79.375	-0.9795134294103218	1.1505074098100112
79.5	0.2523163437149429	1.1756283201793634
79.625	1.2510529806895814	1.1831197013798784
79.75	0.2665918178639959	1.1966147937843261
79.875	-0.13199953104408743	1.1905869376348395
80.	-0.601244924759881	1.1642454428495477
80.125	1.9243511564384823	1.1159419344477286
80.25	-2.1679650924589553	1.0775336210732411
80.375	0.37072717682358425	0.9871443973656616
80.5	-0.3749834003433344	0.8889109449935995
80.625	1.9506033167699042	0.7728024760046307
80.75	-0.9524360017844175	0.6763831853176973
80.875	-0.34958975408550197	0.5579316231001684
81.	-0.3020845455443496	0.4233701059383118
81.125	1.0921704470897382	0.28023570239177376
81.25	0.47389662281810074	0.1527765630577771
81.375	-0.06340601050869267	0.03246829609839237
81.5	0.20383379177680397	-0.09137555524148727
81.625	-2.401908598272536	-0.20341110106804458
81.75	0.8448733040690312	-0.3540422340077959
81.875	-0.772264830535908	-0.482365678746683
82.	0.2541033758024462	-0.6118372650751253
82.125	1.8788435934189267	-0.7270202971689794
82.25	-0.34085614285694404	-0.8023310420576604
82.375	-0.3335452001253827	-0.8678822716825826
82.5	-1.3398352715685031	-0.9230553121802235
82.625	-1.4088322542639318	-0.9851343436581549
82.75	1.3945528490890675	-1.0502841976003383
82.875	0.16717300161449852	-1.0793843117693114
83.	0.36729696500364933	-1.0894753272278874
83.125	1.4324841740054175	-1.076298062446592
83.25	0.7479803481534453	-1.0221045912291595
83.375	1.1996392349588256	-0.9418765160216674
83.5	0.6264553908480068	-0.8297982647015381
83.625	-0.13644342240805585	-0.69524707596302
83.75	-0.6035330568543699	-0.5562223581450796
83.875	-0.6692185421490737	-0.4189313367753511
84.	0.07969689784919103	-0.283012570736755
84.125	1.090391667408037	-0.1493354539610689
84.25	2.0846515251479434	0.006823423064749764
84.375	-0.7552145602023803	0.19139543118644348
84.5	-0.461523627246772	0.3612578557877044
84.625	-0.17092405662607418	0.5128426736095572
84.75	-1.3239572821539618	0.6542695474625407
84.875	0.8966405232407797	0.7595371269141482
85.	0.9411269592952067	0.8701377156847422
85.125	0.2880911902739389	0.9756707087562959
85.25	-0.6359181822982933	1.0716831602517511
85.375	-3.048902922055729	1.1412456845740568
85.5	-0.44647608210945655	1.1451904734060283
85.625	0.27040716866439296	1.1208307167817677
85.75	1.5154856002477959	1.0830692442045087
85.875	2.406502322433769	1.0561551437528365
86.	-0.39370113403088786	1.0495521436319777
86.125	-1.1201127443014387	1.01955031434788
86.25	-0.42065887358320114	0.9550182322839889
86.375	-0.404750292100468	0.8730573604958346
86.5	2.1841534552414172	0.7707286781291596
86.625	1.303973562077404	0.6907325448608692
86.75	2.255229734313348	0.6223618885036288
86.875	0.15955134111383928	0.5787690177748268
87.	-0.2336296228859635	0.5322139339045675
87.125	0.7927487554341315	0.47171113281399113
87.25	0.7785915142973411	0.41675671484079474
87.375	2.8578676870989317	0.37238546973359404
87.5	0.3290799908266595	0.36190286192924187
87.625	0.7924317366253639	0.35392312084460087
87.75	-0.031468196823664474	0.35290866438077817
87.875	-0.7946432623889609	0.3469773182179379
88.	1.6964306706948409	0.3195250327328044
88.125	0.963364474906056	0.315128808415864
88.25	1.247845717005645	0.3224733438040832
88.375	-1.818841384928161	0.34283536946816257
88.5	-2.123567809171467	0.3329908190175838
88.625	0.7128458161307032	0.2825317042241802
88.75	0.07125436229626232	0.23788982535432432
88.875	0.9476970931902824	0.19176982631102074
89.	1.5655056025893477	0.15627727629146107
89.125	-1.7440515573031812	0.14630357106921602
89.25	-0.6891297899581172	0.10564675433095634
89.375	-0.3885951448516279	0.052941125723257876
89.5	-0.8228812461814723	-0.00642813452905908
89.625	0.34407956895533515	-0.0751774405071911
89.75	-0.46891876505552144	-0.13931452459564478
89.875	2.5947902489046073	-0.20803215124822494
90.	0.9455460042493877	-0.22892008913887
90.125	-1.162162250696949	-0.2318444072781903
90.25	0.9242945288756009	-0.2523417263288966
90.375	-0.7633867034447436	-0.25158285095181787
90.5	1.5097659426570589	-0.26158381651376095
90.625	0.952799533342195	-0.242299369656206
90.75	-1.4953931608333404	-0.2033074927723353
90.875	-1.2153242765511558	-0.18502787310481592
91.	-0.4578436315608832	-0.1847011225977359
91.125	0.1355258467615943	-0.18696574962331525
91.25	-1.1612902735616781	-0.18751078301805502
91.375	1.2239127070027211	-0.19765660263406268
91.5	-0.1363142338390658	-0.1899401144443963
91.625	0.16250789794649664	-0.18085293654726095
91.75	0.997044189202215	-0.16516128310741043
91.875	-0.7217781119738436	-0.1316427241684837
92.	3.0674693793894128	-0.10974528985121203
92.125	1.5786249757154782	-0.03770710427666834
92.25	-0.4674850631481755	0.06099599810909503
92.375	2.199589511466809	0.1486358825045359
92.5	-0.6009210095889189	0.265847687742641
92.625	-0.7087871870897114	0.36849041182019904
92.75	0.017939300497606503	0.45687104251272376
92.875	0.675289469596694	0.5323201777163973
93.	0.2913945785246465	0.612580720781848
93.125	-1.5494815354167875	0.6827993967688382
93.25	-0.5534618612128092	0.7191398552139401
93.375	0.14173946765864948	0.7361874197836779
93.5	1.944863974087963	0.7456216619646732
93.625	-0.9259141063208691	0.7700974497547903
93.75	1.0292525866471391	0.7672964957741978
93.875	-1.5349510468985688	0.7725287969444727
94.	-1.1309703258466917	0.7405008873252992
94.125	0.07082068290037434	0.678283037066257
94.25	0.76267700020103	0.6059325134545918
94.375	-1.1197990523490198	0.5387876707238662
94.5	-0.22364218676073733	0.44683817937530373
94.625	-1.7662781259816274	0.3465431833808874
94.75	-0.3788570678905046	0.20996954720989738
94.875	-1.3010700218310318	0.06901992524945179
95.	-1.3586568561288748	-0.08945748071809803
95.125	1.0147987146535196	-0.26687187317830835
95.25	0.8624459098874122	-0.425472656209336
95.375	-0.4285936945995182	-0.5571472395984048
95.5	-0.47763975979029316	-0.6903391507541591
95.625	-0.28341765644235706	-0.8152187791612145
95.75	-0.4936375407985331	-0.9293695572274739
95.875	0.22193757286542262	-1.0394411647206239
96.	-1.0689361869911485	-1.1258668867271624
96.125	1.0303798678570737	-1.208626711322872
96.25	-1.8268107313394537	-1.2580191137400774
96.375	-0.4760443577963522	-1.3132867286487258
96.5	0.25338933543376374	-1.355559393550836
96.625	0.009585476967081492	-1.3724348887410573
96.75	-0.3210583972091892	-1.3682750693931338
96.875	1.1230403760344136	-1.3459058196272948
97.	0.09784296371003023	-1.2866475048371706
97.125	0.14793594722770984	-1.2080196713841653
97.25	2.4335769820101163	-1.108732002475176
97.375	-0.4373199487730892	-0.9531976819513609
97.5	-1.326780372604921	-0.7913736217227236
97.625	0.28330011258951965	-0.6406659768437009
97.75	2.3157895048951898	-0.4777130561910719
97.875	-0.2107309682980459	-0.2760431639930055
98.	-1.181775799908141	-0.07075884127599338
98.125	0.3912311815214722	0.10954633735708391
98.25	-0.003977641323716925	0.29424441898211634
98.375	1.4338934667252663	0.47540049487547636
98.5	-0.4102275622472872	0.6670353995210058
98.625	1.8243513765225972	0.8375387598483508
98.75	0.7353588656823292	1.0228205475716434
98.875	1.4661141431814477	1.199143898366957
99.	0.8795699389391178	1.3804916756087109
99.125	-0.9319580373448916	1.5518904146726495
99.25	1.3813107535848035	1.6809368985819588
99.375	-1.5270016369686656	1.803493004362282
99.5	-0.9632140191500962	1.8730348253146012
99.625	0.2566683583575166	1.8978836617491104
99.75	0.42095116086599277	1.8944390771666804
99.875	0.12940747121265203	1.8674924863360067
100.	1.288705135147102	1.8194561396976647
100.125	0.7204276280752485	1.7597415613377412
100.25	0.08270168203369313	1.6818611273251094
100.375	-0.6268361262109373	1.5842413664323587
100.5	1.2406047692976343	1.45336662610341
100.625	0.9878472129790763	1.3189051245560879
100.75	-0.49589041859147637	1.179909887013676
100.875	-0.5020879769770173	1.0213713557049493
101.	1.0763619033311325	0.83637549493725
101.125	0.36223755147456604	0.6584517429728918
101.25	-0.07907962008861168	0.47890967700644194
101.375	-0.029932723594969672	0.29157948628184505
101.5	-1.3460313744468753	0.10534101543173813
101.625	1.4291145009939659	-0.10650365913920844
101.75	-0.9569739222376376	-0.2875716634953527
101.875	-1.729291460888403	-0.47785605154954897
102.	0.6619345277167208	-0.6888062586957413
102.125	-1.2050599548153418	-0.8735637485054306
102.25	0.22237588727957694	-1.0610670224836287
102.375	2.6349292626539955	-1.2263813785936213
102.5	1.2019683477216445	-1.3251511183466622
102.625	-0.4869869694538517	-1.3897644237536608
102.75	-0.14012032930292886	-1.4346374784570395
102.875	-1.358844890931456	-1.4630474863355045
103.	0.14970545255740822	-1.4853269035271577
103.125	-0.6689243069481293	-1.4828288015194713
103.25	-1.4681788386645074	-1.4697678414820232
103.375	0.10952042598173062	-1.45413707931511
103.5	0.5960118607317776	-1.4184062184392532
103.625	-1.8125512322933535	-1.3483120895875456
103.75	-0.31739310282950484	-1.2862515542779598
103.875	-0.5785918640267943	-1.2116993468798856
104.	-0.4710630170019664	-1.1247436058000284
104.125	0.6730440120623231	-1.0305785931315736
104.25	-0.10163613331285601	-0.9120878947614365
104.375	0.08784375739243248	-0.7835701506166752
104.5	-0.9306340643328429	-0.640909095245881
104.625	-0.3641150038809973	-0.5014632281393878
104.75	1.2239070810428707	-0.36599827891549197
104.875	0.7258455841528425	-0.2051760656622014
105.	0.6147907239294511	-0.03343080435953321
105.125	-0.02678605867625723	0.1470623134793931
105.25	-0.048600622855551244	0.3217411671038893
105.375	-0.2117731315741037	0.4895710748346146
105.5	-1.4249702758759626	0.6422898210459825
105.625	-0.2940771166030843	0.7638136699507891
105.75	-0.47122200862455127	0.8633258675730016
105.875	1.5740847410112666	0.9434387413612644
106.	-0.8159713990426003	1.032067887471966
106.125	0.24713787532192424	1.0924249139667546
106.25	2.566797642030728	1.1363239967173204
106.375	-0.00693361767010307	1.2023844648739814
106.5	-1.4201588018065123	1.2517241667278358
106.625	0.4407506790752146	1.2562148635441288
106.75	-0.1380588926966626	1.248585041554633
106.875	-0.6132392701164502	1.2177957917327686
107.	0.0022129537193283605	1.1577197624957913
107.125	-0.7106870869570422	1.085627032324813
107.25	0.19139171305981534	0.982027325935454
107.375	0.6435220581052741	0.8695372585461949
107.5	-1.2479326396259047	0.7526424015236376
107.625	0.2378085490492576	0.6053378824823404
107.75	0.12817225606097507	0.4565656858090984
107.875	-0.20384313346457614	0.30433324219595337
108.	-1.6053225146238763	0.14438602391306007
108.125	1.401069932099832	-0.035979574227274824
108.25	1.1648787755155927	-0.19578988430964753
108.375	-1.7274833073196851	-0.33381074700154284
108.5	-1.8852226797259115	-0.48868197514380546
108.625	1.0290266986714283	-0.6664382431076024
108.75	1.9879724781621917	-0.8129282520305838
108.875	0.5229878417867186	-0.9143388719796989
109.	0.2837092397232733	-0.9926320929480933
109.125	0.9972191046257803	-1.0508959283457813
109.25	-0.4785263097001128	-1.0740843409273244
109.375	2.2833283304594443	-1.0864722583543591
109.5	-0.3147251504361799	-1.0505249911960748
109.625	-0.026776577895688505	-1.0013412822798389
109.75	0.5209471796309307	-0.9373317677441477
109.875	1.054184988391789	-0.8533116870860034
110.	1.0082400293996217	-0.7357981710561455
110.125	-0.01246487513665855	-0.5955325097745922
110.25	0.32795817546715034	-0.4475430530447856
110.375	0.7161607498087273	-0.2916986312835285
110.5	0.9941767190414362	-0.12041037627427878
110.625	-0.46673076395993035	0.06852264703505277
110.75	0.2239790953959254	0.24550118234277835
110.875	-1.6819923353441355	0.4182427644164973
111.	1.105260762805128	0.5573444984346383
111.125	-1.073585552996427	0.7035792593521103
111.25	-0.010909981737113637	0.8172906053547189
111.375	0.3373068116811674	0.919899565206268
111.5	0.7432467574966772	1.0114964241262514
111.625	0.34370234400560007	1.0974644751409293
111.75	0.5464107767797408	1.1685640317415744
111.875	-0.3085711074473019	1.2311794657439392
112.	-0.8022789158229997	1.2694796046047958
112.125	-0.1715318957682867	1.2766392358935625
112.25	0.6151872395916492	1.2557150448541903
112.375	-0.35549329417030145	1.2297672784834084
112.5	0.5569063139187184	1.1782610959899686
112.625	0.4845419026929318	1.1164412016582772
112.75	-0.5775973675248732	1.0469009689499076
112.875	-0.8199765394753836	0.9523655367678707
113.	-0.5488364214274912	0.8299784341904862
113.125	-0.36827700738478464	0.6877419797905049
113.25	-0.6509748272019165	0.5326162194899178
113.375	-2.598751812069451	0.3583342619588889
113.5	2.144347561325485	0.14386056431309535
113.625	-0.5196520763680325	-0.03995401681532964
113.75	-1.288597393217762	-0.2272916114791846
113.875	-0.9357265709073167	-0.4273323480091161
114.	0.5409998272614653	-0.6351695929702038
114.125	-0.41789637051869494	-0.8216417469442421
114.25	1.9764304254105352	-1.0001827287849583
114.375	-0.3853945670211768	-1.1287719251752701
114.5	-0.013729052319566124	-1.244987438095803
114.625	1.0737395217714096	-1.3403851643832345
114.75	0.1233896258799587	-1.3958316455165232
114.875	0.01988294349788828	-1.4293993497877817
115.	-1.5234601224587283	-1.4359909702792524
115.125	-2.8262975731322686	-1.4484304038905291
115.25	0.7584910951464304	-1.4790725833136746
115.375	-1.4419842491398067	-1.4765963741597887
115.5	-0.4003527448737664	-1.471109413670381
115.625	0.05670131932960446	-1.4514359030237307
115.75	-0.17467614128833614	-1.4041877789435302
115.875	-0.5344391372761869	-1.3425360077535258
116.	-0.80207462359412	-1.2676449083178398
116.125	-0.9047572775097593	-1.1857565743929042
116.25	0.9508263420861713	-1.1018391781167738
116.375	2.3347582548123653	-0.9867508553278476
116.5	0.420378621738558	-0.8213884876688932
116.625	1.8810404430972583	-0.6381416696412033
116.75	1.793536254038247	-0.41516335468055227
116.875	1.1769451252345469	-0.16388830187387382
117.	-0.7749445496006618	0.10518718305585241
117.125	-1.0215409604214105	0.361077739711928
117.25	0.0501022327170732	0.5854179536173678
117.375	0.2181633646162715	0.8056388513773469
117.5	0.684769512810576	1.0089916936126688
117.625	-0.5521055808886418	1.2080756663058487
117.75	-0.9105704236480475	1.3731427927044817
117.875	-1.7449800144411316	1.503528997775762
118.	1.6229037921273854	1.5795142590955387
118.125	0.6129815603808378	1.657480507896195
118.25	-0.6022830639193435	1.7175514862433403
118.375	0.3884655434231192	1.7401281859695765
118.5	0.4034683659966791	1.7411528529228126
118.625	1.322013069377515	1.7223599891056647
118.75	-1.1826135389157975	1.6949816678931375
118.875	-0.006382416607871675	1.6274436050927854
119.	-1.1665550924303192	1.5305756526570162
119.125	-0.5105235212597845	1.3951062309723319
119.25	1.2633658797611573	1.228935867757336
119.375	-0.3040675993477442	1.0689036502435634
119.5	-1.1960322650413493	0.8887903537442534
119.625	-0.23821145173417593	0.6764280963636021
119.75	-0.3476200703621252	0.45484437884804224
119.875	-0.5443340420424433	0.223712133055973
120.	-1.3734465290331799	-0.017920190442179715
120.125	0.6943453374190626	-0.28009668039847696
120.25	-0.22785933338016773	-0.521435017440515
120.375	-0.4009142366457626	-0.7533154377387101
120.5	1.5330384553532537	-0.9791801329812282
120.625	-0.052755038479907396	-1.1628000602600317
120.75	-1.5215700432521078	-1.3282110926479214
120.875	-0.158244118769737	-1.4906623889718535
121.	0.3053071935511159	-1.633420758088754
121.125	0.3993899847753745	-1.743258177504184
121.25	-0.8656378877494065	-1.8159083875414308
121.375	-1.6414845641526072	-1.8765544515796222
121.5	-1.1669017626823703	-1.9300428950861588
121.625	-1.4261926819323298	-1.9725281089484188
121.75	-0.5611692758037821	-2.005556090535195
121.875	-1.0699867363849298	-2.0159666181152844
122.	-0.7755867438590007	-2.0113542166341936
122.125	-0.29795471611019353	-1.9847791532914318
122.25	0.14597168345191902	-1.9341466264000675
122.375	-0.7389651017676871	-1.8526939579272752
122.5	1.3620186136179817	-1.756594643589661
122.625	-0.07592767395509914	-1.6072895395591078
122.75	2.5611967356719143	-1.4418689273926206
122.875	-0.5577184781680021	-1.2116353938826312
123.	0.9705416749748605	-0.978210556930514
123.125	-0.23541683845777578	-0.7143613265580739
123.25	-0.16400288303826221	-0.4473188484588739
123.375	0.6194169074474379	-0.175454018906499
123.5	0.12087026189815951	0.10101651216702626
123.625	0.5740519474918934	0.37750751007283584
123.75	-0.9093768987719345	0.6508222081098165
123.875	-1.57791426153483	0.8948867987064961
124.	-0.3966221624540938	1.1014468798821795
124.125	-2.229625572522812	1.2816932453887755
124.25	1.809936715813593	1.3998136174080607
124.375	-0.614711545174299	1.5266011829149737
124.5	0.31338237923980333	1.6195585896188711
124.625	0.507272774795642	1.691335488529728
124.75	0.20389781400872928	1.7418649027880375
124.875	0.9309803587726275	1.7652141085035626
125.	0.7987938505241593	1.7797505530851239
125.125	-1.7463925053782248	1.776964045199575
125.25	0.9978231966962546	1.717154318665829
125.375	0.2183068574049272	1.651501892550085
125.5	2.4413786763575773	1.560929563819487
125.625	0.5189514733621625	1.4831404586318868
125.75	0.8111580932866556	1.3935940205716564
125.875	-0.8926839926730848	1.2967185553150293
126.	2.776991539421284	1.16716779281281
126.125	-1.2583177712369762	1.0662552106280585
126.25	0.41818365070542124	0.9278207962330877
126.375	-0.02012016151446267	0.7807858534452464
126.5	1.5246006768931077	0.6248600761829124
126.625	0.29284699564790717	0.48869261838966704
126.75	2.9823550656865154	0.34472417559342816
126.875	0.21044637445254596	0.24937651977347253
127.	0.6448095446940498	0.15300172563645006
127.125	0.8533821656378658	0.06482661030431476
127.25	-0.16212031405661836	-0.011461902587460117
127.375	1.013418565495158	-0.0860172322084742
127.5	1.6921340376623981	-0.14678079236095395
127.625	-0.07888114917831451	-0.17394598554849897
127.75	1.6646366706492162	-0.20051236440116416
127.875	0.06611951674724857	-0.19950615811083514
128.	0.5627783118611156	-0.19230275250661816
128.125	1.398504468490481	-0.1710259304091027
128.25	0.5326396666617711	-0.13048180108419022
128.375	2.4093003494089706	-0.07812594456061882
128.5	0.41423604254218904	0.013277622497894428
128.625	-0.18306601175633605	0.11017586258132515
128.75	-0.6528871768601063	0.20063439739871458
128.875	-0.1268505223055684	0.2753317153984253
129.	0.9222086664062991	0.3424548272203619
129.125	0.9263485261532813	0.4197000839410219
129.25	1.1744176587593789	0.5044900917408275
129.375	1.44653034952297	0.5974162337951454
129.5	-0.004020009505311386	0.7042662082937038
129.625	1.1463321534544957	0.7943020194435222
129.75	0.6427999139431305	0.8940973887534261
129.875	-0.7777104240082601	0.98411695293405
130.	-1.1764326319388143	1.0479430176437894
130.125	0.9223356011393355	1.0755884579566242
130.25	-0.03891815814803666	1.1010940953225783
130.375	2.106335177883868	1.109012574582301
130.5	0.9623148009172697	1.129832472899153
130.625	1.6333737033719686	1.1511744899686176
130.75	-1.4047015459252647	1.1780289420658205
130.875	-1.384640950564181	1.164498534269293
131.	-0.16662272320111549	1.1076262396914647
131.125	-2.454554407462558	1.034844185356665
131.25	1.210073723009821	0.9098298294528192
131.375	1.0236160922200706	0.7891843755122598
131.5	0.2993490972752038	0.6762315653084555
131.625	0.005273273556850307	0.5546448485601161
131.75	-0.6931468978039071	0.42800362923402696
131.875	0.8411761452091433	0.287256251214855
132.	-0.008445200093748002	0.15573302928719573
132.125	-0.49543948292682705	0.02329526869833789
132.25	0.6310926293603392	-0.11715344820671711
132.375	0.6499308270673523	-0.24399406592525869
132.5	-0.05368512994948921	-0.3528932314481401
132.625	-0.5381272070787285	-0.4581081864050785
132.75	0.2818689521075635	-0.561541036606972
132.875	2.5939636402193296	-0.6527233010667122
133.	-0.24874032866631546	-0.6883096484050908
133.125	-0.723629653904647	-0.7220978517156128
133.25	0.6797805458300172	-0.7506781644274215
133.375	-0.542052120406838	-0.7602078412496933
133.5	-0.17403240464107292	-0.7617741234437307
133.625	0.5959751684847167	-0.7583107739529119
133.75	0.7731008901932707	-0.7295875578968819
133.875	1.931946306790227	-0.6811408254644155
134.	-0.08084609649133867	-0.591103640550934
134.125	0.0033543503136749795	-0.4965522778126178
134.25	0.07753506682807586	-0.39262967577189734
134.375	0.24438881921194658	-0.28391433372482006
134.5	0.6797710106732722	-0.16689782953968682
134.625	-0.5623271127652645	-0.03798393371394907
134.75	0.8122675890433115	0.07948364720914887
134.875	1.2934013203744232	0.20665155262505847
135.	0.04923359713740438	0.35069428474210557
135.125	1.230065419977689	0.48941094452355005
135.25	0.4995157980986534	0.6343585269470765
135.375	-0.07536747890272699	0.7773724832799109
135.5	-0.43743369066466087	0.9042857897482397
135.625	0.19929360315045175	1.0105492723209737
135.75	0.23778796970549698	1.1009166727056572
135.875	-0.16217580297723594	1.1797487095836316
136.	0.4241020389620422	1.2339037126176773
136.125	0.9805496865153671	1.2746330120163893
136.25	0.14146201869449626	1.308239918425971
136.375	-0.7459947242547216	1.327481476422512
136.5	0.5215699619710873	1.310926195869714
136.625	-0.5156697042936514	1.286771808553971
136.75	1.9293044308725933	1.230280300526117
136.875	0.6347888702834669	1.1853903484797401
137.	1.1462625405120683	1.1359076844538154
137.125	-0.2012882494593155	1.0848751707746702
137.25	-0.5489976550573727	1.012791651501693
137.375	0.30720637621831526	0.9224352875577458
137.5	0.050675407569783865	0.8173054252783025
137.625	-1.2820994781315265	0.7061095420576857
137.75	-1.0685408682771897	0.563519863760534
137.875	-0.5657414355186474	0.39622495055890466
138.	0.6468554897344133	0.21595530662650012
138.125	-0.8813710879500706	0.0465716084750936
138.25	0.24907503027806183	-0.13478162205413072
138.375	0.412018246495314	-0.3095127252533206
138.5	0.4193904808379631	-0.47202215351209753
138.625	-0.9565588426673329	-0.6165564152376523
138.75	1.0155891928910343	-0.7632883087544459
138.875	-0.15914127991102117	-0.8815583205993778
139.	-0.7761804011358546	-0.9903976240917636
139.125	0.8024879622007705	-1.0903303051326354
139.25	-0.5538698535227436	-1.1602623475362324
139.375	-1.1192966047090025	-1.2221085118680532
139.5	-0.9343536262591243	-1.2782298029088024
139.625	0.06029928175729935	-1.3302796968921804
139.75	0.9442565985362509	-1.3580554390992121
139.875	0.412654848670362	-1.3532003252145042
140.	-0.7461239627407514	-1.3197070191777156
140.125	-1.2371146081560158	-1.274598030835477
140.25	-0.40167043381911194	-1.232187612993225
140.375	0.45637859562285565	-1.1767569743900983
140.5	0.7553929320263452	-1.0965763880263986
140.625	-0.6893940955812212	-0.9882895681039734
140.75	-0.44896450951771827	-0.8749824773621587
140.875	3.0921434795055607	-0.7591646659331087
141.	0.6938386221733742	-0.5836203740185105
141.125	-0.9844083233287921	-0.39227259541648934
141.25	1.3282665123895598	-0.2085456374681283
141.375	-0.5518669286997573	-0.004339057382912773
141.5	-0.13332838048489337	0.18638512177343333
141.625	0.23976026705747264	0.3705045057159963
141.75	0.6216853600198632	0.5511803874777784
141.875	-0.6043763139925549	0.7320629192134697
142.	-0.8399576417959653	0.8879725803964874
142.125	-0.3657593107649855	1.0141585782641573
142.25	1.15721480038207	1.1184983613402173
142.375	-1.4518461415342223	1.221183485393806
142.5	-0.18006591356648513	1.2812895493686782
142.625	0.8689087912910162	1.3186963513243855
142.75	0.02482165741639388	1.3494717556880784
142.875	-1.3052295446032567	1.3559390595145095
143.	0.274854837829919	1.321903274725203
143.125	1.4559413202394864	1.2739704509097545
143.25	0.04091918859579765	1.2267918031122966
143.375	-0.2845628279229889	1.162603616845934
143.5	1.9744324371913775	1.0769116125173863
143.625	0.15341789863152486	1.006594520016129
143.75	-1.0280051932572596	0.92310056861356
143.875	-0.0030124004572641013	0.8099198585652859
144.	0.22043917547939765	0.6864644827334568
144.125	-0.38495592023271585	0.5590123672667168
144.25	0.06761387258116426	0.41369546069583774
144.375	-0.7271267474055039	0.27009063381785703
144.5	2.093514617977981	0.10982993572223053
144.625	-1.0281448313418542	-0.01721073430924529
144.75	1.4114957803567612	-0.160205163347423
144.875	-0.8671789519921133	-0.2758567868715411
145.	-0.4889402029502142	-0.39818169703396117
145.125	-0.5172789345698252	-0.5212419016189785
145.25	1.666944555473788	-0.6424042756179239
145.375	-0.35523715886980983	-0.7257294926721243
145.5	0.6004760213162937	-0.802320852657238
145.625	-0.9238159778636688	-0.8561367614403245
145.75	0.14729990990759845	-0.9092215764757476
145.875	-0.1996449559433045	-0.9464158844723521
146.	0.5836117813102573	-0.9714642715863181
146.125	-0.05236935163070226	-0.9729555728825582
146.25	-0.9698739722656967	-0.9575142493488112
146.375	-1.708993833841946	-0.9460765487021662
146.5	0.07150908832678246	-0.9442315703505839
146.625	-0.38759510664466634	-0.9252047831374058
146.75	0.12847657487947778	-0.9018939118083414
146.875	0.19637649104088273	-0.8574496804516453
147.	-0.4307719221608627	-0.8028421708305924
147.125	1.0885257291732948	-0.7375497670136885
147.25	-0.5370153454128772	-0.6469935802776333
147.375	0.28171545089010264	-0.5586221262781244
147.5	-0.4827839289161535	-0.45313596619684454
147.625	1.1936901315493313	-0.3545233735256419
147.75	1.1791250783431309	-0.2303465273471742
147.875	-0.31981356990229837	-0.08513392098424284
148.	-0.06078996433784994	0.05469655903804875
148.125	-1.0495490178661846	0.19027413658515108
148.25	-3.0145288917705546	0.3050680588317612
148.375	-0.3408978289227831	0.36406222249876763
148.5	-1.4462674056495037	0.41483696758324573
148.625	1.0854694529609226	0.43374969161703486
148.75	-0.1934146446687447	0.46359659165408246
148.875	-0.9340816452816308	0.4831902824586677
149.	-0.1958746061112204	0.47965539654528905
149.125	-0.7535263756448874	0.466516248546818
149.25	1.032013253910893	0.4306936388099312
149.375	0.8777186249301717	0.4087702678133225
149.5	2.2436994427151764	0.39459890501290845
149.625	-0.8337196287207196	0.40965592798562644
149.75	1.4969305009478986	0.40180025734118563
149.875	1.2704171588426905	0.41397253120941646
150.	-0.7062435566735742	0.4379774579083924
150.125	-1.3147065159141607	0.44574891280878803
150.25	-0.11068525783174428	0.4247643806741261
150.375	1.3077928857283596	0.3945648083449104
150.5	0.794122678523647	0.379725496070171
150.625	-0.7081226303915932	0.3698983682444362
150.75	1.7296421152018546	0.34569579675171386
150.875	-2.0556634361684285	0.34212611162984036
151.	0.5629868213486499	0.3025475892036938
151.125	-0.5772858378683375	0.2671477811151043
151.25	0.7426533749287987	0.2188874102157438
151.375	-1.9741655255702304	0.18094444924448375
151.5	0.7384737018532002	0.10535472735295949
151.625	-1.050874058575806	0.043287688453342535
151.75	0.4174328776935718	-0.03159522334821469
151.875	-0.8143539738531772	-0.10205959956405176
152.	-0.28851857644751877	-0.18304885157393977
152.125	-0.23883544766251327	-0.2647058928462569
152.25	1.9640397895895199	-0.3468395906561643
152.375	0.7652992120012008	-0.38998373114344914
152.5	0.6286873017482439	-0.41329645759340317
152.625	1.0912093255822009	-0.42086663321574225
152.75	-2.0950467352525544	-0.402583238361257
152.875	0.09731021774795981	-0.4132932083869825
153.	0.02215065256337022	-0.41534234955826416
153.125	-2.0256203013830514	-0.41303684979746286
153.25	-1.1324977075309053	-0.43286445220179587
153.375	0.5103420040883652	-0.46287460756227217
153.5	-0.037617308728025566	-0.4808745680739637
153.625	-0.7933405097614921	-0.48871574505604093
153.75	-0.0587715610510986	-0.5004327485366441
153.875	0.14439416054985293	-0.5067774161448154
154.	0.13930733253239563	-0.504898581221375
154.125	-0.32091184341333884	-0.4912454081821704
154.25	-1.0943902350925423	-0.4717051973360351
154.375	-1.0896567139271156	-0.46768453183609165
154.5	0.4564826399260044	-0.4719537607290209
154.625	1.0263183790355566	-0.4580103701627986
154.75	-0.7123214184278882	-0.42612860241360917
154.875	0.9110571153017651	-0.39356084452855705
155.	-0.6924688646199884	-0.3462418112497469
155.125	0.7482809552346418	-0.30207867479450234
155.25	0.7107556548070681	-0.2440442168646328
155.375	0.5610193144952771	-0.17027786710458576
155.5	0.8794408753421508	-0.08496251368131495
155.625	-0.6247240796170133	0.012590586759317887
155.75	-0.99499120805435	0.09756264171534283
155.875	0.6249639112703469	0.16705983822347664
156.	-0.4446687929928812	0.24294874688046642
156.125	1.742872072064114	0.30500632441506215
156.25	-0.6068848741459613	0.38994961775676373
156.375	0.4116136485847459	0.45731327637898594
156.5	-0.06651377513767619	0.5245936154168899
156.625	-1.4876912590049491	0.5844398284478968
156.75	0.41269151646545904	0.6071533487244906
156.875	0.02247316944413501	0.6263842772797363
157.	-2.8252772452085475	0.6354865989098797
157.125	0.44371880182955037	0.5936200096879093
157.25	-0.78074124753216	0.5467253230715889
157.375	-0.2521541701623249	0.4815813276987031
157.5	-2.7858906950792197	0.40409986256134733
157.625	0.903839338235632	0.28156899848944344
157.75	0.9256702850856553	0.1642599251598019
157.875	-0.3689640776119953	0.06634202115839263
158.	1.0863860316434526	-0.03888566407072605
158.125	0.4266141826698701	-0.12969914265018173
158.25	-0.26650863347618425	-0.20396969935066417
158.375	0.6607265551754322	-0.2837276756078446
158.5	-0.4314537344004005	-0.34482851629945993
158.625	0.14353214902478448	-0.40802142536348684
158.75	-1.1890764312341657	-0.46050950311959277
158.875	-1.5283479847715662	-0.5229976976879357
159.	0.33002075194491715	-0.6003107430767447
159.125	-0.02331404807393264	-0.6635749074901013
159.25	-0.7568497507978287	-0.7189459230670464
159.375	0.5074828679199462	-0.7682606655963894
159.5	-0.2920064005263725	-0.8004234193839594
159.625	0.09865114250204658	-0.8244052725080598
159.75	-0.5870039195267613	-0.8311317754008684
159.875	0.04363753890479939	-0.8381247345900222
160.	-0.19594681635453984	-0.829538401811225
160.125	0.26796797382033705	-0.8102008186131664
160.25	-2.1152891736900474	-0.7753878217503196
160.375	0.8667512618076255	-0.7583037361968995
160.5	-0.05347309654749173	-0.7193815632191207
160.625	-0.7324005777557281	-0.6711122520494418
160.75	-0.9104052084891291	-0.6238673676331438
160.875	-1.2676288261405868	-0.5786430549698933
161.	0.016410149314387962	-0.5494693668795745
161.125	0.48504685476564896	-0.5100418692904963
161.25	-0.596470272937394	-0.4549331201343806
161.375	-1.584270730032815	-0.4030222985153279
161.5	1.0413038151051264	-0.3697611013606435
161.625	0.11799575304653509	-0.3135188196616388
161.75	-1.413134684444143	-0.2523719866102912
161.875	0.4808472541434773	-0.21342982211263434
162.	-0.6630146232012849	-0.15906291530754418
162.125	-0.8668831290124687	-0.1175792176578345
162.25	2.1864876354010088	-0.08699904311880441
162.375	1.072296752925296	-0.02053547014863637
162.5	-0.07965741898478537	0.06410082336874455
162.625	-1.9426170414319366	0.14224659815026292
162.75	-0.9720440933664563	0.1865444447854529
162.875	0.7448190833999098	0.21565543640435736
163.	-0.22055005514725062	0.2512540941911609
163.125	1.9896560569570976	0.2778161872230709
163.25	0.5732985171302877	0.3330736134979975
163.375	-0.06177447261065482	0.38600846239414593
163.5	-1.416528638356234	0.43872047012008925
163.625	-0.16940887356369572	0.4569930768207106
163.75	-1.3652685873418813	0.4673054718755373
163.875	-0.11760170176565334	0.4482438199382667
164.	1.1046267356318415	0.41981114013820603
164.125	-0.6421033864453082	0.40039532903370584
164.25	-1.0196181301013392	0.3701814956521633
164.375	0.11839179199788219	0.31417593927709053
164.5	-0.33443484760319736	0.25846802307727956
164.625	-0.627136490002496	0.19422738913454682
164.75	0.8709199374062154	0.11707191384311323
164.875	-0.001801563813167631	0.05026384610047165
165.	-0.9827841491930258	-0.013039159003134982
165.125	-0.6517929576417021	-0.09367571103004174
165.25	-0.41083117594309765	-0.17948377654491762
165.375	-0.9160343824256655	-0.2671261393064221
165.5	-0.405976766368903	-0.3672859260138839
165.625	-0.9260551574740326	-0.4610600509971626
165.75	1.3305814240205158	-0.5669922530092286
165.875	-0.30875289311293386	-0.6389556909536874
166.	-1.735589816662312	-0.7051125294661307
166.125	0.15846988276710416	-0.786859937113155
166.25	-0.29333389061169013	-0.8519242710473429
166.375	0.13170764305857768	-0.9090002432959208
166.5	-0.8642687811248138	-0.9493694748308534
166.625	-0.40123244681779024	-0.9855406432069683
166.75	-0.30851853909152477	-1.0142025486785458
166.875	-0.7455133998278191	-1.0329258746919614
167.	0.9145089111599018	-1.0413923975267616
167.125	-0.5988947580127902	-1.0243803853067475
167.25	1.1146945470716014	-1.0005865105179275
167.375	-0.338844221278031	-0.9416583416868458
167.5	1.695902271323922	-0.8726560392930184
167.625	1.231327585200119	-0.7692216362151789
167.75	1.0685072705312135	-0.6343976404199729
167.875	1.3341246389222392	-0.4719504885154053
168.	-0.12429613685605041	-0.2860449188979015
168.125	-0.6878869071508793	-0.09819249368739333
168.25	-1.398460239273815	0.07790800682974457
168.375	1.6476432490613357	0.22860897290747564
168.5	0.4131342293633315	0.40019587228754877
168.625	2.1232172459977185	0.5667790674507692
168.75	-0.308123642227765	0.7583732444548821
168.875	0.7282060712875371	0.9302463214717239
169.	0.9653374034314075	1.098810789107605
169.125	-0.03583630057988888	1.2604655136385146
169.25	0.3714327315457495	1.3996551301395928
169.375	0.1711239933108443	1.5203269050020887
169.5	-0.4208958353526078	1.6226761468817605
169.625	-0.9476451099084915	1.6874602419884699
169.75	-0.1545385984316854	1.7114746275279564
169.875	1.46177614732991	1.7057327484202007
170.	-0.780839515525759	1.6984773638604522
170.125	0.0824788651632993	1.6515242287194745
170.25	-0.48762981610295897	1.5806467815848688
170.375	-0.1631821819542576	1.4778377755295413
170.5	1.364063841777185	1.352188436190504
170.625	-1.0566395811866949	1.2235613373378724
170.75	0.6303540992574719	1.0650763569775152
170.875	0.6441088345759638	0.9022429851240772
171.	-0.5921555544615453	0.7356067166707067
171.125	-1.2853483039988758	0.5493829065486104
171.25	0.5225766776262746	0.33957456968866817
171.375	1.7079450007342263	0.1320146405603385
171.5	-0.40343881505079443	-0.043691198642024406
171.625	1.1655772771974326	-0.22559864627253093
171.75	-2.156174680389411	-0.384905796682259
171.875	1.6870068011388115	-0.5678242647588622
172.	-0.5441530040325644	-0.7126643876209768
172.125	2.314957110753403	-0.8548431276214707
172.25	0.10194585787746906	-0.946127024236072
172.375	-0.2678360552291893	-1.0201145545998231
172.5	-1.2798339448359377	-1.0785447898244285
172.625	0.7580181276689927	-1.1408490629088928
172.75	-0.8297839249807338	-1.1722861071612727
172.875	0.03999143379876603	-1.1977552965376304
173.	0.19556306350234146	-1.20441148498333
173.125	1.0231025768965796	-1.1900075999935509
173.25	-0.1630947628681065	-1.1414828462817714
173.375	0.7458914219318966	-1.078491077187932
173.5	-0.5433734186372529	-0.983915410570928
173.625	-0.9308419415183661	-0.886691222249263
173.75	-0.4285517511646476	-0.7925542510509245
173.875	-0.6886158154864771	-0.6889171278351977
174.	0.21243251934528815	-0.5916116998895669
174.125	-0.6570672008171324	-0.48050783437250366
174.25	-0.21644793901265205	-0.3728698569458005
174.375	0.7795036432587824	-0.2650210311888435
174.5	-0.6025646886607283	-0.14482306835132552
174.625	0.6303847853091037	-0.030024613701392547
174.75	0.9985847942541688	0.09085643808050016
174.875	-0.4306784913195084	0.22578431865428836
175.	-0.25887843553292506	0.35258107341708766
175.125	0.826874223460404	0.46426563074303345
175.25	0.7420285011528134	0.581301999320897
175.375	2.8483364760629084	0.696599318794162
175.5	-0.46868616825808346	0.8490749439974825
175.625	-0.8029937686975571	0.9725009490866936
175.75	0.7941508891534136	1.0730902947443457
175.875	-0.8875506907024442	1.163483944336522
176.	1.4708573638168159	1.2246991413561574
176.125	0.14139539020182118	1.288097026509266
176.25	2.0778389432761357	1.3290824141334594
176.375	-0.1140819073983408	1.3848325028669008
176.5	-0.09750290645725779	1.4137397638246416
176.625	0.38264875270434534	1.4237586217302445
176.75	-0.16385932097590364	1.4114058761676895
176.875	0.22876419222781058	1.3783672927820843
177.	0.13048421833480733	1.3273597632076832
177.125	-0.8132803087722171	1.2565460594631501
177.25	1.3907466482922826	1.1543062526194703
177.375	-0.44282765742796704	1.0572761168580902
177.5	-1.3703071366714448	0.9386516337992828
177.625	-1.189785035809536	0.7867847403797049
177.75	-0.8862299940953409	0.6070571326123922
177.875	-0.42320270611790295	0.4003953107436481
178.	-0.4443943998866294	0.19017796819137714
178.125	0.18452238945503208	-0.030631828605020648
178.25	0.5818674920823187	-0.24609256261344079
178.375	2.1293190677788902	-0.4454737968222142
178.5	0.12987474714012529	-0.6031974725164212
178.625	-0.8172794061889938	-0.7461501329743387
178.75	0.7972830084144075	-0.8879064511551963
178.875	1.0421556416883628	-1.0031130693362673
179.	0.44380874125233344	-1.0805473103014644
179.125	1.1441720240690925	-1.1389315353595144
179.25	1.64300888439378	-1.1556050373866171
179.375	1.0492510225678302	-1.13167962910455
179.5	-1.997726138734707	-1.075694254714239
179.625	1.8770030440915626	-1.0330294944055278
179.75	-0.2326558426202858	-0.9453747030870713
179.875	-0.8217604613490668	-0.8466176949085201
180.	-0.2656797759341293	-0.7501346935050102
180.125	-0.17466668127704807	-0.6457825152304918
180.25	-0.523623498586726	-0.5373321481416168
180.375	-0.5283366742797981	-0.42673572530412823
180.5	-1.4275084825020135	-0.32210252049683114
180.625	0.5865470779768802	-0.23564813696162487
180.75	-0.14865535326629115	-0.1366238478605599
180.875	-0.09888735303079409	-0.03773545158233042
181.	0.5784714314598753	0.05417551849054315
181.125	0.08129147417360778	0.15767266530614868
181.25	-0.058652352285717246	0.2592031988495318
181.375	0.09440270081149396	0.3505419879880308
181.5	-0.1420094673984982	0.437619090458145
181.625	1.1890675973051223	0.5159525483850802
181.75	-0.508759477547134	0.6051089773507231
181.875	0.0019126811582146628	0.6740589560358398
182.	0.8263772241867604	0.7300342117753263
182.125	-1.0563884870120372	0.7915322022029214
182.25	-0.42492762826147307	0.8188920431601842
182.375	1.5137162663079258	0.8291196989918711
182.5	-1.3111340922682102	0.8483661418712325
182.625	0.5989956755906292	0.8324429215760534
182.75	1.4997087690538378	0.8136581553452292
182.875	-0.5461830157010209	0.8099600247837644
183.	-0.23298173869821986	0.7784127574060054
183.125	1.4047610615604222	0.7363234342610474
183.25	-0.2712953623765164	0.7062770565172888
183.375	0.5435266949755505	0.6552774346956408
183.5	-0.23656074806781874	0.6086010221234764
183.625	-1.1508181336694674	0.5468495862058244
183.75	0.7523015215334128	0.4612993047562903
183.875	-1.0937116723832732	0.3780611756606484
184.	-0.9874439439022362	0.27648977177924816
184.125	1.603543142511885	0.15566428837859475
184.25	-0.34337196826264155	0.059209956560628475
184.375	2.358641492273451	-0.046743386422028015
184.5	-0.2667500689225403	-0.11070304841413463
184.625	-0.9321812281408286	-0.17230876562750924
184.75	-0.30076632520614305	-0.2513305769762644
184.875	-0.8864880338095762	-0.3270475904072792
185.	-0.6674227857299737	-0.4093409876066462
185.125	-1.0048022074726417	-0.49823095751255947
185.25	0.14911236554827215	-0.5916540142341471
185.375	0.738137655138095	-0.6733581261774642
185.5	-0.31408709111317273	-0.7314501091725255
185.625	-1.185746229980688	-0.7812508034275841
185.75	-1.2743885523274605	-0.8387177599177791
185.875	0.2752397727371254	-0.8996011562766157
186.	0.04177500721634356	-0.942716176961846
186.125	-1.706801047354123	-0.9699013299855107
186.25	0.03131690623141761	-1.0106206881813984
186.375	-0.5132202838549581	-1.031401474029062
186.5	0.6893212377695446	-1.046564575430282
186.625	-0.29197453398008794	-1.033127996349015
186.75	-1.0801574229968076	-1.004871992600379
186.875	-0.571015976439943	-0.9843775261607183
187.	-0.15888536476051218	-0.9522718266034171
187.125	0.070971459670693	-0.9121380751781558
187.25	1.1988692650010546	-0.8524471748814725
187.375	-1.028626193730471	-0.7663955286104092
187.5	-1.5372556182683352	-0.6840374702890112
187.625	0.5045001007155759	-0.6155271838422808
187.75	1.164476440458466	-0.5306357260803031
187.875	-0.32914766509904325	-0.42015135976180806
188.	1.3072259412383826	-0.3104210669918231
188.125	0.7624061174751683	-0.1735588263136783
188.25	0.6440886866726924	-0.025301968414002427
188.375	1.0582477075122436	0.1311734683699348
188.5	-0.8854118339413558	0.2985082527228112
188.625	0.2589130781604361	0.44389075566489755
188.75	0.8343109579661527	0.5907407604355912
188.875	-1.4413063006551683	0.7338819472031457
189.	1.6763463888755046	0.8426755503776635
189.125	-1.1205751346106485	0.9644435363053707
189.25	-0.3735454610144808	1.0523816095302494
189.375	-0.5059594578688523	1.1139808452477455
189.5	0.5334631019583643	1.1545201539415264
189.625	0.37217873940931656	1.1794293708006338
189.75	0.4581839570056651	1.1950994338135295
189.875	0.6858853690454221	1.1957002827941592
190.	0.7767146192394221	1.1904835458631686
190.125	-0.5872853892589637	1.1814031332498054
190.25	0.22616798080628223	1.1424279847122807
190.375	-0.12867634881889572	1.086920437218609
190.5	-0.024121893836325722	1.0159208528500505
190.625	1.5565487730587355	0.9287704078918425
190.75	0.08217553809326741	0.8560321728493102
190.875	-2.7261566963014117	0.7657217961496434
191.	-1.4989249830611178	0.6274102713122996
191.125	-0.04566547585267449	0.45527290999827164
191.25	-0.7546728792095272	0.2765490309650169
191.375	0.16873774599782354	0.08394556883416075
191.5	-0.6162389051405867	-0.10194915103451183
191.625	-0.642791157291715	-0.2946944591702761
191.75	0.25583474904829073	-0.490926577344151
191.875	1.0261718194494094	-0.6759391390818477
192.	-0.3678988915502139	-0.8283401486189473
192.125	-0.24831715537510832	-0.9719662489916128
192.25	-0.3128559130613662	-1.1032009344874063
192.375	-1.3084632018120526	-1.2227239841700597
192.5	-0.6578860078784581	-1.3384424329457296
192.625	-0.5117629724163952	-1.4436012206702808
192.75	-1.6002613121276872	-1.531642679523208
192.875	-0.4155814024562496	-1.6228815744126246
193.	1.090753897818934	-1.692324217071655
193.125	-0.15804018673192038	-1.7159357427660753
193.25	0.7098157385159457	-1.7171854434399112
193.375	-0.14716912955626377	-1.6786933253780225
193.5	2.96384447995076	-1.6155683572024229
193.625	1.3979500798902467	-1.4832228963677208
193.75	1.042541741507741	-1.3081631309888713
193.875	-2.1094708664649438	-1.1008438120846797
194.	-0.883458593793263	-0.9074105462804255
194.125	0.3117068548125868	-0.7176730241478899
194.25	0.7743702987282498	-0.5144863609393434
194.375	0.00593149933868978	-0.2940450796095309
194.5	1.4332292174729122	-0.07131620721191366
194.625	1.1592782483265704	0.17217026792110673
194.75	-0.35704887480961134	0.4279906249443329
194.875	0.32340861966734075	0.6666062681114984
195.	-1.0160040573881823	0.8984338004741582
195.125	-1.4775333974096803	1.0976185446914482
195.25	0.5120787835147067	1.2574900672937417
195.375	-1.4801178193052478	1.3993172730322005
195.5	1.589534476227945	1.4962502509459925
195.625	0.6176525836992076	1.590831670997595
195.75	-0.6680957680332968	1.6715096324399965
195.875	-1.3569499435111112	1.7131923327032104
196.	-1.175610361686387	1.7066819524210866
196.125	-1.0778623257860582	1.6567982363270743
196.25	-0.12508497196181656	1.5617305947929285
196.375	-1.872752340945503	1.4447652329820104
196.5	-1.4665989642545822	1.2758006034160398
196.625	1.6051661092338438	1.0687260892801693
196.75	1.2316010286114274	0.8701085414945111
196.875	-0.18429985336028198	0.6785011147330252
197.	-0.48873371529070686	0.47703913088075556
197.125	0.8710238309832975	0.26257068622604923
197.25	-2.5881116985629107	0.06237747871067559
197.375	0.5985567169327966	-0.17897227069431332
197.5	-0.42761543634353355	-0.40628107907110583
197.625	-0.18164690979665205	-0.6291813471340999
197.75	-1.2507428742457007	-0.8417813985020434
197.875	-0.949010379312897	-1.057392823396345
198.	0.2635565067999846	-1.2713029995942813
198.125	-0.6401175107725084	-1.4570712120096883
198.25	-0.13893540095307663	-1.6268590627219643
198.375	-1.3608131326563964	-1.7722583426225835
198.5	-1.1088329250335773	-1.911612220707456
198.625	-0.4333532678293878	-2.0312114942803965
198.75	-2.178727092927727	-2.1299538451959785
198.875	-0.09544373307781302	-2.2254005013167815
199.	1.3170354093528969	-2.2857425624736813
199.125	0.3753464511109962	-2.292680043080796
199.25	-0.11249034718645287	-2.2531275769760244
199.375	-0.5420948843428978	-2.18345594056477
199.5	-0.9337244567583608	-2.088736174194149
199.625	0.3342094738210013	-1.9753248775488468
199.75	-1.4926139945857755	-1.8290471930209444
199.875	0.35660471561745405	-1.678943603494318
200.	-0.3113026976182812	-1.4998883457370717
